ni	xi
120	2
387	6
595	9
521	7
560	9
625	4
432	8
640	18
598	10
589	10
530	12
683	8
749	17
573	13
464	5
659	17
609	4
594	9
468	11
643	15
655	2
318	6
446	8
702	8
582	9
395	3
611	6
642	13
545	12
261	2
569	5
165	4
314	2
300	3
659	21
575	10
630	7
589	7
525	8
670	12
616	6
547	3
464	1
566	3
692	7
278	7
542	7
687	18
561	8
198	2
410	3
623	8
444	8
540	5
605	9
630	10
638	6
619	11
610	10
690	5
425	4
642	11
336	6
635	24
288	4
567	4
380	3
622	11
653	6
467	5
564	4
242	2
566	6
230	4
390	8
539	12
641	13
614	9
409	7
438	2
543	3
657	14
521	3
744	1
485	7
651	2
363	4
154	3
670	12
517	10
452	7
583	8
140	2
516	9
325	4
644	4
358	4
625	2
280	5
452	7
457	3
568	5
574	11
339	2
434	3
185	3
451	1
356	2
607	2
568	2
391	8
144	0
101	1
317	5
344	4
575	4
631	5
165	1
604	10
356	3
694	7
537	7
610	10
346	11
644	5
649	5
222	3
423	8
452	7
533	7
644	13
262	3
639	6
631	11
172	1
308	6
144	1
653	8
332	2
603	5
591	8
642	7
591	1
580	5
735	4
560	7
463	1
275	5
487	4
580	7
282	3
649	5
431	2
629	5
565	6
578	5
322	7
606	7
641	5
375	3
328	2
643	7
655	10
695	8
609	6
627	9
516	3
460	10
498	7
152	4
531	3
651	17
583	0
544	5
705	6
161	0
551	13
593	3
391	5
563	7
473	6
646	10
626	7
672	11
357	4
271	4
542	4
237	1
453	4
242	2
614	11
677	2
363	4
255	3
574	9
629	6
735	6
612	8
750	12
503	9
273	5
631	5
691	11
574	1
590	7
519	7
649	7
625	6
180	0
194	2
332	3
629	15
750	5
264	4
602	6
606	19
609	23
129	1
305	8
187	6
695	8
472	3
655	5
750	13
599	8
564	5
186	0
611	5
556	2
580	8
644	8
634	13
598	9
201	5
593	2
603	4
569	8
667	10
619	18
640	18
625	10
590	10
375	3
369	3
539	6
477	7
666	4
664	7
665	2
334	1
693	7
576	5
423	7
584	11
529	4
578	5
536	9
169	1
344	4
352	6
486	2
538	12
568	5
651	11
469	5
324	2
642	11
478	7
596	3
596	2
629	11
497	5
476	0
352	3
601	9
419	4
338	3
594	4
174	2
750	9
573	5
592	4
591	2
638	8
563	6
637	13
623	6
421	5
381	5
617	8
630	6
632	10
507	7
593	7
682	6
614	9
750	12
402	1
585	4
680	21
361	5
604	11
469	4
689	7
600	6
643	7
564	8
522	9
644	5
560	6
620	15
606	6
654	5
599	8
192	1
607	11
725	3
567	8
641	3
620	5
613	10
587	11
666	6
510	5
667	9
136	1
594	4
609	7
347	3
425	4
607	9
180	2
419	3
250	2
667	11
657	6
107	4
649	9
737	8
224	1
356	6
639	10
357	3
135	1
330	7
123	1
562	8
136	2
414	6
593	5
618	8
581	8
636	12
592	6
581	7
604	6
592	10
609	7
575	3
625	14
259	4
737	7
612	8
631	10
243	1
687	5
115	3
652	7
648	10
541	7
616	7
440	3
589	11
596	4
630	12
540	7
612	7
411	4
604	6
574	4
223	0
602	9
254	3
621	14
684	3
642	6
599	6
467	5
613	8
590	7
639	8
590	6
639	13
580	9
654	6
614	6
156	1
673	6
620	3
660	3
580	3
592	7
639	4
519	3
616	3
684	5
352	3
284	3
446	4
650	6
464	3
707	9
598	6
456	8
611	7
634	6
750	4
581	6
642	2
602	9
601	4
200	0
746	11
151	0
443	6
285	2
581	13
352	5
617	6
608	9
622	8
541	5
567	6
197	4
299	1
217	3
532	7
613	8
585	6
490	8
674	10
379	6
379	6
572	8
630	4
622	8
376	2
298	3
592	5
551	5
639	5
669	4
685	3
588	7
578	4
605	3
593	9
566	5
654	3
670	8
406	5
379	4
223	5
633	4
629	4
657	10
316	2
616	9
514	5
612	5
569	5
415	4
373	3
612	8
678	3
359	4
152	4
332	0
569	5
337	9
489	3
636	5
642	5
578	6
427	4
457	4
547	13
614	17
671	14
616	16
620	14
642	10
281	2
159	3
492	7
481	9
418	14
234	1
553	8
340	3
204	0
362	5
619	5
746	3
350	6
241	1
334	5
427	9
575	4
432	8
614	10
558	5
425	7
512	7
584	8
244	3
514	12
366	8
612	9
205	7
685	8
670	7
267	2
444	11
585	5
214	4
600	6
231	6
696	15
585	11
602	9
631	8
655	18
619	5
337	1
614	7
531	7
620	4
678	8
422	6
550	11
599	8
583	3
452	5
401	1
600	4
635	5
210	0
635	8
660	3
624	11
725	16
525	5
523	7
653	8
635	8
550	3
307	2
625	0
648	3
230	2
641	3
571	8
525	8
625	8
542	3
371	0
557	5
624	8
363	2
301	3
223	4
576	8
336	1
451	7
575	11
631	7
618	9
441	6
575	3
711	9
452	5
131	1
648	7
277	6
559	8
531	4
597	6
659	9
745	5
646	24
676	14
478	4
407	5
611	11
640	3
666	3
570	6
682	7
319	1
238	1
527	10
536	5
467	6
674	6
605	3
642	9
595	6
647	3
465	4
280	2
490	2
617	8
589	6
589	7
350	3
397	3
523	8
533	3
577	12
476	6
656	8
294	6
111	0
709	12
130	2
380	3
559	9
505	4
598	3
645	5
553	4
605	7
562	5
591	4
469	11
617	8
519	7
570	11
634	7
308	4
269	1
680	7
423	4
431	4
549	3
582	4
504	6
583	7
228	3
293	3
339	3
608	3
610	4
499	2
166	3
283	2
617	15
207	1
646	4
487	3
630	12
377	2
428	4
628	11
260	1
649	3
529	12
481	2
390	5
651	11
696	19
657	12
632	9
356	5
578	6
586	3
560	13
383	5
544	6
595	11
552	2
528	8
665	10
197	1
289	6
644	4
383	2
665	14
650	5
583	7
631	1
549	5
389	4
587	7
201	5
591	11
639	3
419	1
578	8
408	4
688	7
629	6
593	3
669	3
498	1
558	4
496	5
668	8
344	4
660	4
612	5
694	12
584	3
666	5
434	10
320	7
693	8
326	5
665	4
660	5
366	3
356	7
647	14
551	8
615	6
512	3
569	6
639	3
636	8
435	10
509	10
578	2
604	7
403	2
143	2
482	8
464	4
522	4
595	9
652	3
623	6
491	12
627	4
381	4
610	2
296	3
512	6
400	2
729	9
362	3
679	6
575	12
553	8
437	5
634	10
287	2
469	4
614	6
559	5
583	6
312	2
535	1
617	4
659	13
660	7
442	5
656	4
516	11
358	6
574	11
594	6
563	11
619	12
623	11
442	16
398	7
571	13
527	5
416	2
611	7
693	14
261	3
423	9
404	8
393	5
380	10
555	6
674	7
419	16
290	3
165	4
602	8
565	4
378	2
149	3
570	11
278	7
517	4
608	10
557	7
396	3
624	8
260	2
616	7
329	2
486	7
469	4
569	5
247	0
607	6
144	3
494	5
204	2
593	6
588	5
591	13
476	2
645	4
650	9
269	2
462	7
365	1
238	6
665	7
580	13
587	10
173	1
671	9
490	11
344	5
291	3
345	1
576	5
406	3
378	2
106	0
441	2
750	10
102	2
441	6
606	10
634	6
603	7
603	4
138	2
574	3
413	7
427	1
427	3
318	5
257	1
657	8
543	8
537	3
622	6
618	10
648	2
648	6
649	12
663	16
585	10
560	7
405	4
533	1
634	5
512	6
621	4
669	10
575	11
599	7
377	4
608	4
577	5
586	13
246	4
591	7
129	0
455	3
684	3
680	2
444	1
608	4
597	10
606	7
606	2
148	1
578	4
633	5
507	9
161	1
583	12
605	6
626	13
486	1
700	6
645	5
610	5
305	7
667	8
509	3
644	9
628	9
638	4
538	7
288	4
663	10
687	7
109	1
620	6
720	6
599	8
222	3
441	4
317	3
714	9
444	2
555	9
528	10
632	5
561	9
533	1
132	2
396	4
736	8
677	11
327	7
637	5
670	3
168	1
613	3
426	3
567	1
415	4
642	3
558	4
556	7
323	5
551	5
750	12
525	5
290	4
499	5
408	3
609	5
595	5
567	18
603	3
641	9
698	6
165	1
258	6
469	5
649	7
654	5
268	1
480	16
684	9
450	7
590	8
369	3
596	9
422	8
460	2
600	10
584	4
517	7
700	8
662	6
548	7
206	1
330	5
525	7
552	7
504	5
454	7
625	6
641	5
615	10
601	9
618	11
443	2
312	1
528	5
551	2
656	6
412	4
646	13
742	8
119	1
431	4
452	10
356	1
669	8
654	5
183	2
638	4
373	3
259	9
510	6
598	9
577	8
566	9
614	7
612	9
591	8
545	2
296	3
304	2
195	1
356	4
521	8
280	4
643	5
660	9
361	5
251	3
393	4
585	11
590	6
284	6
622	9
623	10
547	3
620	7
291	5
691	10
267	3
618	11
703	7
604	15
337	2
132	0
600	6
644	13
222	4
639	5
242	3
494	4
609	6
548	10
584	4
642	1
315	2
389	4
276	3
444	5
603	5
406	6
475	6
749	9
657	6
525	3
560	8
559	7
544	3
467	1
611	5
567	6
227	3
232	6
595	5
637	7
621	10
310	5
280	3
624	9
473	11
617	12
732	11
300	2
712	6
350	7
455	7
573	5
604	4
554	9
482	13
750	7
609	11
512	4
461	2
271	1
380	7
565	14
335	3
471	5
440	7
434	13
633	10
732	5
478	4
655	4
579	6
438	7
176	1
337	4
487	5
239	2
504	6
227	3
497	7
281	3
623	3
420	3
575	12
750	5
528	11
589	6
239	5
287	2
291	3
341	4
668	6
658	10
505	8
585	14
150	2
243	10
723	12
608	3
449	5
213	3
676	15
122	2
631	8
563	2
660	8
242	4
473	7
278	10
339	4
672	14
507	11
289	9
621	9
415	3
523	4
495	10
347	3
712	12
502	3
117	0
583	3
163	3
594	7
337	4
527	16
576	5
669	5
629	11
746	19
382	5
221	2
490	5
357	9
640	6
439	11
515	7
607	8
555	7
666	6
617	8
549	7
225	4
341	6
654	13
108	0
520	3
269	1
499	12
383	5
451	5
648	5
538	8
596	4
643	8
658	6
587	7
288	9
637	4
264	6
609	5
565	7
593	11
381	6
707	15
619	6
189	1
313	6
355	2
539	5
558	9
689	16
365	5
580	11
312	3
530	13
627	8
369	5
750	7
491	7
455	7
583	13
477	2
529	5
524	9
602	10
245	3
677	18
403	3
654	3
546	5
598	5
587	10
475	13
293	3
212	4
350	2
233	5
664	4
609	13
307	9
609	8
626	4
553	6
446	11
667	9
569	7
601	9
211	3
678	4
606	13
535	6
652	12
591	4
683	10
127	1
363	2
406	3
661	7
700	5
567	7
435	5
464	7
651	5
630	12
631	9
748	6
585	10
520	7
401	5
509	4
677	9
380	3
259	5
656	5
546	10
741	12
632	6
616	5
347	3
673	8
254	1
390	3
658	8
558	7
451	5
375	5
306	4
570	3
358	0
555	3
560	16
606	7
627	11
494	8
117	1
644	8
425	6
348	5
364	11
292	3
542	7
166	1
591	3
335	2
442	6
573	13
488	10
637	7
330	1
633	6
527	14
612	7
621	4
586	17
554	7
505	10
571	20
663	8
472	5
645	4
502	9
567	9
710	6
418	4
331	5
597	3
539	5
627	14
748	9
584	11
586	9
535	3
383	5
586	9
576	5
523	12
469	6
647	5
411	6
595	13
634	7
368	2
617	9
298	3
331	10
282	6
169	3
309	2
539	6
426	14
604	10
107	2
562	8
434	3
616	10
597	4
535	7
597	9
582	4
609	4
651	7
207	1
620	5
293	5
560	13
307	3
527	5
638	7
443	7
369	0
457	9
658	16
611	6
338	7
431	3
292	2
336	6
602	8
553	13
205	2
551	8
114	1
655	4
116	2
467	5
507	7
374	1
713	7
671	9
691	11
523	6
669	6
595	4
506	2
312	5
750	15
319	3
506	2
303	4
679	7
427	2
579	4
604	4
550	5
560	2
710	5
501	3
647	14
629	16
224	4
452	9
355	10
239	5
617	4
447	4
478	11
567	7
453	6
488	7
611	10
424	12
521	8
641	16
367	10
564	10
691	6
260	4
646	10
511	1
570	7
295	3
302	4
579	16
539	9
540	6
471	6
254	4
367	1
220	4
170	2
641	11
340	1
213	0
656	5
395	4
581	5
633	5
646	8
512	6
409	3
422	2
558	3
566	5
575	13
440	6
453	4
607	6
226	3
603	3
616	6
643	16
624	5
571	5
620	14
426	8
507	8
567	10
657	5
623	11
654	6
315	2
601	9
595	10
746	10
237	7
595	11
688	9
253	1
427	4
440	10
512	5
324	8
662	24
569	7
540	10
612	7
363	5
182	1
297	7
446	5
604	10
473	7
211	3
389	5
558	11
579	11
620	5
627	10
633	7
542	1
622	4
454	8
570	15
468	6
585	6
611	14
612	5
435	5
750	10
641	9
206	0
562	6
546	3
334	4
653	8
605	7
563	6
293	5
540	7
605	19
605	9
528	4
317	6
125	0
682	7
269	3
170	4
595	4
572	8
526	7
532	6
656	12
490	1
657	5
592	6
328	2
639	4
446	5
677	7
305	6
145	1
750	8
509	3
482	5
571	4
343	3
519	2
382	6
750	8
650	6
426	11
617	3
486	9
567	5
538	10
344	9
675	16
262	3
280	3
440	4
339	5
267	2
499	5
550	5
570	5
243	4
617	11
615	9
420	2
680	6
217	2
648	2
346	1
419	3
639	8
644	5
594	11
597	5
605	3
506	5
600	8
675	11
647	7
593	8
412	0
299	6
269	1
459	13
384	7
320	3
599	4
567	21
141	1
195	2
325	5
384	3
107	0
593	6
607	13
608	11
650	5
580	3
621	7
583	14
393	9
621	7
635	11
237	1
749	7
622	5
745	2
502	7
558	6
564	6
333	2
146	1
366	3
509	5
575	0
509	7
531	6
440	4
617	3
350	3
242	4
686	10
386	6
600	11
457	4
647	5
535	6
614	10
492	20
700	10
570	7
263	2
631	7
314	11
569	4
163	0
520	8
294	2
552	12
280	5
375	6
451	10
602	6
588	10
648	8
680	5
550	8
589	12
619	17
499	6
530	7
409	7
549	10
633	23
245	3
556	11
477	14
295	4
569	4
604	8
640	11
428	4
166	3
462	9
337	4
280	11
576	7
526	6
119	4
750	11
543	7
618	5
625	2
403	1
291	7
588	9
485	6
473	6
507	6
630	5
307	5
346	7
472	9
403	4
537	4
333	1
494	2
567	7
242	3
374	8
268	0
299	3
431	5
423	3
410	5
588	9
219	4
240	1
555	6
621	8
678	4
141	0
580	4
640	8
750	6
390	9
295	4
225	2
721	9
589	6
592	8
599	10
538	4
479	5
602	10
679	6
459	7
318	6
580	10
446	5
749	15
533	10
575	7
703	8
580	8
571	11
679	9
170	5
375	5
548	9
135	0
377	12
592	1
118	2
381	4
639	2
626	18
584	4
272	4
580	4
550	9
588	7
607	7
669	8
311	5
619	9
463	7
643	12
413	12
298	8
632	7
560	10
314	9
464	11
575	11
295	6
658	14
603	13
748	7
549	9
656	1
618	8
583	9
237	4
306	3
459	9
526	0
510	8
603	7
259	9
275	1
674	4
423	30
468	9
614	6
310	5
439	4
615	4
605	10
409	8
523	5
612	5
601	3
561	13
539	6
287	8
605	12
484	10
147	1
403	4
556	10
597	15
637	10
301	6
187	0
432	4
334	3
613	8
624	12
533	14
602	9
219	1
749	9
564	7
637	8
593	5
353	8
607	10
633	9
639	10
594	7
730	7
306	4
364	5
619	13
439	4
491	4
750	10
604	4
514	11
657	17
382	10
279	1
643	5
526	5
155	0
483	9
372	4
114	0
548	5
553	16
581	14
106	3
201	4
671	16
281	3
623	5
505	5
249	5
326	9
612	10
456	11
580	16
299	2
565	7
147	3
351	1
614	6
614	6
581	14
638	7
634	10
373	2
223	3
529	4
151	3
552	4
735	16
533	12
653	9
651	8
456	6
490	4
331	4
614	8
207	0
414	4
630	7
294	0
480	1
676	11
169	6
573	23
513	5
457	7
568	12
667	15
583	8
214	1
622	4
603	9
363	1
540	12
498	6
442	6
295	3
495	7
293	4
467	7
595	12
571	9
427	4
479	9
274	1
451	5
562	5
265	6
274	4
645	6
247	4
461	4
477	4
314	3
424	6
514	10
640	13
581	14
295	4
407	4
371	3
611	9
417	7
660	5
484	7
460	3
381	9
651	9
750	8
615	10
442	6
587	10
234	5
598	2
558	1
587	5
543	5
598	2
97	0
674	2
651	4
168	1
349	5
521	8
439	4
641	12
636	10
358	8
646	10
581	9
622	9
647	4
611	6
570	9
117	1
343	3
253	2
290	2
547	6
663	8
445	4
656	4
404	4
639	16
459	3
244	1
211	1
644	7
583	7
671	8
613	5
601	7
579	10
366	9
573	5
695	11
536	5
598	9
471	4
451	1
580	8
149	2
619	14
627	5
148	3
256	2
599	11
502	4
500	1
631	6
628	0
649	5
642	3
629	10
651	4
513	6
594	3
618	5
716	18
636	7
521	8
736	8
665	11
669	3
453	8
610	3
306	2
717	8
609	9
548	15
643	8
671	11
635	9
750	7
391	1
318	5
602	1
747	4
705	11
549	4
593	5
691	8
575	3
574	7
504	0
685	3
663	7
566	4
658	7
599	7
621	5
414	5
127	2
493	1
574	6
750	9
342	7
686	13
499	11
142	4
591	5
561	1
517	4
104	0
324	1
617	5
609	5
430	5
571	2
659	10
504	8
372	6
612	10
615	7
498	10
624	12
562	2
644	11
341	3
314	7
497	4
188	3
206	4
670	6
698	5
591	13
198	0
247	3
229	2
610	14
269	4
603	11
388	4
258	2
499	5
512	9
662	5
521	1
187	0
596	9
578	4
180	0
677	9
385	10
466	5
550	6
676	8
452	2
597	5
642	3
524	8
455	4
247	1
595	4
632	5
123	2
354	3
467	0
534	4
603	3
257	2
356	6
583	3
600	3
624	2
649	9
612	6
560	11
328	3
647	4
431	8
218	2
619	8
639	11
385	5
578	7
429	8
134	0
143	3
650	7
508	4
557	4
307	4
516	7
168	3
662	16
626	7
227	4
476	1
461	6
401	3
195	2
746	11
579	5
592	2
635	6
467	3
525	13
633	3
560	4
618	4
327	4
657	7
579	6
284	3
658	2
529	7
401	17
442	3
120	0
405	4
604	6
626	7
635	4
641	5
588	8
340	3
606	3
623	11
308	2
126	1
649	6
640	15
482	12
182	2
592	6
543	13
444	2
614	4
557	9
450	11
528	8
552	6
472	10
636	8
460	4
665	5
433	6
626	10
577	6
645	6
618	8
578	4
120	4
496	4
440	6
618	6
632	2
208	1
544	7
647	4
363	1
592	7
610	3
645	3
324	2
590	7
448	4
658	5
510	1
617	8
615	7
685	13
513	11
581	8
396	4
630	12
649	12
662	11
649	8
535	4
263	2
641	4
639	7
269	5
600	5
383	4
484	4
330	3
299	3
355	6
403	7
491	14
447	7
608	3
678	5
305	5
656	8
638	5
482	7
499	9
544	5
625	6
539	5
692	6
642	9
489	6
606	11
284	3
356	4
437	7
750	11
630	5
510	6
599	5
642	4
441	11
244	2
485	6
674	6
710	12
557	8
483	4
333	3
613	5
274	4
750	6
647	7
342	4
383	5
221	7
209	0
593	13
528	10
619	7
602	4
454	1
594	9
340	2
566	8
580	8
536	10
286	3
362	2
750	14
224	6
577	3
420	4
547	6
627	5
453	4
270	4
620	6
427	5
487	3
227	5
541	5
151	4
312	5
600	6
650	5
525	3
587	5
672	10
631	3
595	11
665	20
614	6
437	8
395	5
592	8
721	5
157	0
411	13
533	4
212	0
317	1
360	3
458	6
552	10
553	7
592	4
245	1
750	7
593	7
568	4
601	9
550	17
236	9
589	11
548	12
581	12
626	10
363	1
480	3
579	3
537	5
620	6
567	2
304	0
566	4
326	6
531	3
130	2
657	6
608	7
421	6
300	5
632	0
721	12
599	4
516	5
422	4
612	10
639	4
725	9
638	10
197	4
687	5
284	2
590	6
674	4
644	5
597	5
207	1
629	5
631	3
466	9
419	6
638	8
349	10
476	1
315	2
360	7
360	1
535	10
500	6
590	3
579	3
617	5
651	6
657	1
287	5
564	11
637	3
658	4
257	1
321	4
611	9
750	10
516	6
447	4
384	3
419	4
111	0
633	6
689	8
576	3
523	0
204	0
285	4
628	9
618	3
512	5
519	6
159	2
629	9
425	7
640	6
556	7
322	1
171	4
578	4
228	2
246	2
553	10
492	4
750	12
678	2
659	7
730	15
595	8
596	6
330	2
264	4
651	3
567	11
551	5
594	9
457	4
529	10
244	1
480	5
399	2
685	11
668	7
415	9
553	8
437	3
607	19
544	9
533	5
554	4
657	8
554	8
661	14
545	4
519	9
224	3
579	10
652	10
629	5
569	9
632	6
250	3
701	7
524	4
605	9
173	4
626	8
589	7
617	2
750	10
447	7
641	6
300	5
750	10
512	4
609	13
672	9
641	11
102	4
195	3
628	14
193	1
655	8
527	9
479	3
343	4
561	11
680	6
637	10
187	0
623	9
563	8
609	11
590	9
544	2
502	6
280	4
505	3
171	2
592	9
429	6
614	8
272	2
750	11
270	3
477	6
598	10
642	12
545	8
499	8
236	1
427	8
575	8
140	2
691	7
744	5
663	7
570	4
383	6
328	0
633	3
591	11
341	5
671	6
413	5
352	4
142	2
387	3
602	11
732	7
291	1
663	5
744	10
561	7
564	10
231	2
746	7
474	4
115	1
428	1
621	5
644	4
520	6
649	12
587	3
566	9
455	2
564	5
473	1
581	6
657	6
619	6
527	9
679	5
601	11
582	5
243	2
476	12
620	10
401	10
449	7
481	2
515	6
307	2
205	1
166	2
517	5
217	4
349	12
192	2
406	9
532	6
590	11
251	2
621	6
333	5
377	5
625	2
536	4
285	6
614	10
414	1
490	14
611	6
541	7
659	12
608	10
234	2
136	2
442	8
602	12
525	5
586	18
475	8
573	5
653	6
257	5
237	0
470	6
551	5
663	3
286	2
692	12
272	5
617	10
601	13
457	4
542	13
314	2
402	9
612	5
517	11
504	11
310	6
543	12
420	9
140	0
435	10
553	7
416	8
567	12
400	5
564	16
649	6
115	1
589	6
637	10
621	6
194	2
664	11
673	23
623	11
588	3
613	4
158	5
550	9
519	20
578	6
668	2
539	9
425	3
164	3
626	6
612	11
446	10
595	11
226	9
500	12
319	12
178	2
215	2
193	1
616	9
607	10
407	3
262	1
584	8
598	12
184	1
632	5
369	3
588	7
385	9
555	4
172	2
466	9
205	5
200	1
615	15
604	8
646	13
726	4
405	4
515	4
409	3
604	12
594	2
286	2
639	13
249	1
647	3
385	1
628	12
624	3
575	4
453	3
156	4
605	4
283	1
262	3
629	7
580	10
281	5
394	7
496	1
485	4
595	1
666	5
438	2
508	7
666	6
750	6
585	8
107	3
442	2
243	2
483	7
157	3
205	2
496	6
651	8
559	3
627	10
300	5
621	14
658	8
612	7
535	8
279	5
246	4
750	10
577	3
388	1
590	3
541	10
621	4
593	9
117	3
542	5
375	13
567	5
666	8
515	7
275	3
750	16
341	4
648	4
280	3
680	10
327	6
283	2
543	9
626	7
666	8
613	7
207	2
566	7
650	5
706	3
612	1
652	4
408	6
562	7
493	9
594	7
487	8
544	9
505	4
309	3
318	4
573	3
620	7
749	14
575	11
631	14
434	2
602	17
655	9
610	5
258	5
746	14
578	10
586	3
441	2
205	0
417	5
584	6
370	4
605	6
549	3
597	4
606	14
573	3
408	10
540	7
567	8
306	3
707	11
687	15
396	3
655	4
581	13
623	10
639	6
613	5
162	4
648	12
667	10
167	3
556	6
372	10
272	3
420	5
164	2
486	3
492	13
283	0
588	3
567	6
597	5
229	3
209	0
514	2
113	5
613	8
364	7
467	3
204	3
548	6
162	0
262	3
664	8
125	3
637	5
599	6
577	4
632	7
610	6
650	7
558	6
242	2
647	11
607	7
595	8
153	3
562	7
555	5
619	13
296	0
611	4
186	0
446	5
687	5
589	3
473	5
366	5
263	4
534	9
633	6
408	3
294	5
534	3
529	6
386	0
542	6
575	6
652	5
488	9
750	6
602	2
623	3
689	10
541	4
359	4
608	3
640	6
750	3
635	3
660	4
152	2
365	3
536	4
580	12
600	8
572	4
261	1
228	0
230	3
238	1
282	1
380	4
672	12
619	13
487	6
189	2
671	6
135	1
574	6
544	5
648	7
749	11
624	9
313	1
226	3
151	1
160	4
218	4
248	1
281	1
382	3
504	5
242	2
345	0
627	5
567	6
431	5
375	5
597	4
672	8
604	7
280	2
553	12
639	10
658	9
230	4
368	5
544	6
659	14
182	1
400	1
581	4
337	8
531	16
621	5
593	9
608	5
750	3
496	2
342	11
214	5
632	8
258	3
539	10
417	11
650	11
633	6
394	5
237	1
690	6
670	7
511	6
695	13
572	2
675	12
526	7
122	4
595	2
372	5
518	10
533	15
460	10
165	1
147	2
595	9
579	12
588	6
555	9
206	1
362	7
271	3
679	14
642	11
512	6
618	6
363	3
692	3
674	8
368	2
621	2
501	2
610	4
659	14
645	7
565	5
601	5
579	12
273	7
492	5
239	5
518	20
603	4
629	3
671	4
636	6
610	11
241	4
633	14
548	4
540	11
629	10
372	3
190	3
353	4
298	0
373	7
617	5
611	11
580	8
646	13
620	4
579	2
576	10
429	5
652	15
567	32
465	6
475	4
625	7
280	2
625	11
510	10
696	10
370	3
671	5
599	3
608	2
400	4
684	7
669	15
552	7
342	2
388	3
356	5
278	5
624	5
621	8
605	5
428	9
627	8
629	12
610	5
351	3
497	6
699	4
631	6
263	6
343	0
566	6
383	9
470	12
579	5
602	6
425	5
610	11
313	6
573	7
236	5
651	17
373	2
544	8
598	9
494	6
554	4
427	7
629	4
573	6
621	5
657	3
499	8
579	9
215	2
123	1
251	2
571	8
323	4
615	7
503	6
504	5
631	7
705	17
709	6
666	5
665	5
347	6
462	4
618	6
501	4
613	8
415	6
534	5
539	8
238	8
214	5
486	4
649	6
451	2
297	4
506	8
237	5
584	5
169	1
104	2
352	1
639	8
578	11
559	1
477	9
406	6
177	4
572	8
608	5
489	7
636	7
408	4
647	18
634	4
572	10
487	9
664	4
669	6
698	7
655	11
634	5
219	2
609	13
627	5
649	7
654	9
612	3
467	4
647	16
616	7
437	3
595	6
420	8
487	5
630	6
667	4
322	6
317	1
606	2
589	12
269	5
617	8
455	25
650	4
600	5
367	2
610	21
626	13
454	4
413	7
545	15
251	1
590	6
433	5
344	4
620	14
257	7
597	11
640	12
244	3
700	3
666	5
512	10
494	7
608	20
621	11
351	4
437	4
543	7
491	10
526	6
626	5
189	2
311	2
557	1
382	6
566	13
141	2
105	0
681	7
377	4
625	6
357	7
330	4
325	5
378	6
417	7
250	4
247	7
246	4
245	4
649	10
669	6
265	6
604	4
417	11
407	2
654	11
611	9
674	5
205	4
652	4
291	6
423	6
704	13
382	3
112	2
600	12
474	5
584	6
363	3
106	2
150	1
582	8
587	6
623	4
424	9
264	1
472	8
121	1
619	6
523	12
567	8
621	9
625	7
241	2
562	11
470	5
576	3
488	5
653	8
508	3
629	10
499	11
341	5
726	10
585	7
586	4
655	7
588	4
611	11
591	9
507	5
647	21
620	4
315	3
609	9
545	11
567	7
570	10
398	7
578	8
633	7
448	5
592	7
305	2
639	11
410	0
542	7
632	9
215	2
583	7
750	20
196	2
152	1
627	7
615	4
648	17
250	1
627	6
710	5
691	16
565	4
350	3
554	10
425	2
352	0
567	6
428	6
407	4
572	7
459	7
515	2
299	3
351	9
625	10
639	5
384	6
660	2
186	8
560	8
636	5
459	4
645	6
678	10
370	3
216	3
610	6
470	5
243	7
465	3
656	6
614	11
396	1
551	5
620	11
475	8
133	0
586	9
664	7
724	13
364	5
197	2
339	8
520	8
580	8
607	11
643	3
208	4
558	6
518	3
636	7
587	10
607	6
430	3
628	5
581	6
425	4
229	0
747	8
258	4
332	6
142	3
610	8
633	7
675	5
643	10
546	4
574	8
644	11
451	3
433	4
489	6
643	3
558	8
630	5
524	3
257	0
540	5
680	6
608	7
543	4
509	2
657	7
530	5
658	8
576	8
285	1
120	1
573	1
374	2
637	9
557	3
215	5
642	5
570	8
618	11
639	7
141	2
592	3
185	0
601	8
429	3
375	6
506	5
562	1
327	5
508	10
561	8
128	5
469	5
696	10
650	14
498	4
413	7
631	3
450	10
596	4
654	7
312	2
383	4
446	5
534	3
604	15
291	2
703	3
328	5
524	4
397	7
262	5
294	1
382	2
569	3
522	8
672	9
579	3
616	3
110	2
634	8
600	13
607	10
569	8
367	2
610	5
678	8
122	1
631	9
230	1
393	4
654	12
527	9
675	9
255	3
651	3
564	3
562	9
477	6
576	10
572	3
659	7
578	6
371	2
567	4
588	4
624	7
629	4
652	8
506	4
604	4
549	9
188	0
292	5
564	3
652	12
599	16
524	6
511	4
413	3
611	9
240	1
636	7
135	2
439	3
374	4
505	8
696	5
307	2
626	6
336	3
149	2
607	8
602	0
619	11
576	3
606	9
495	6
583	10
564	9
597	7
622	5
615	6
631	5
658	1
572	2
335	0
141	1
671	4
532	5
591	8
281	4
405	4
461	4
640	5
326	2
638	7
125	1
592	8
519	5
686	3
128	1
650	12
431	7
619	8
587	7
269	3
315	3
523	9
567	13
517	3
416	2
489	9
135	5
424	3
450	2
477	6
654	7
269	4
372	3
141	0
248	3
609	7
330	5
665	20
650	5
422	3
188	2
550	3
285	6
649	16
561	9
574	7
641	12
459	7
367	6
736	16
479	5
456	2
274	9
618	5
528	6
646	7
435	1
639	8
614	9
729	1
665	10
240	2
367	7
507	9
602	9
592	3
596	10
157	0
643	5
591	4
662	11
340	2
634	11
658	10
120	2
613	3
647	13
618	8
746	8
591	6
750	3
441	4
601	4
505	7
605	5
615	5
346	6
410	3
507	4
471	10
659	7
184	1
374	7
533	7
660	6
138	4
168	0
281	3
109	0
382	6
669	9
750	3
613	14
526	6
610	13
744	7
595	14
337	5
750	6
654	2
521	4
668	10
636	11
191	4
652	9
612	5
589	5
111	2
611	9
636	9
540	3
549	5
615	3
452	5
446	5
690	13
446	5
614	11
101	1
242	1
551	11
577	2
640	9
572	8
601	7
391	3
605	8
497	8
620	6
652	3
574	5
684	14
297	4
610	2
558	6
413	6
669	7
403	6
451	1
166	0
565	3
510	7
690	7
543	6
662	9
745	9
675	15
551	16
325	4
609	5
750	11
560	10
546	5
656	8
542	5
596	7
410	4
398	2
293	3
201	5
330	9
630	8
182	0
398	5
657	4
566	17
418	4
412	4
470	6
464	2
250	3
562	6
620	10
522	10
559	9
595	5
422	15
649	12
595	11
220	6
250	3
135	1
272	4
594	7
499	3
684	8
750	7
679	9
260	5
619	6
310	6
582	12
555	4
610	5
102	0
188	4
262	5
608	3
639	3
183	3
492	3
442	3
589	8
564	11
434	6
665	10
221	0
487	14
750	10
172	3
494	10
224	3
395	5
690	9
293	2
181	3
352	8
700	5
516	4
557	9
521	4
238	5
608	8
139	2
613	16
459	3
750	5
429	5
477	9
698	8
633	6
707	8
380	10
376	2
582	7
557	8
655	16
499	6
225	1
482	9
240	1
356	5
589	9
335	17
686	19
399	7
513	4
484	7
566	7
696	11
394	3
611	15
597	4
688	7
645	8
449	10
637	8
672	10
676	7
445	6
659	10
299	2
394	5
321	6
574	12
652	11
468	6
535	3
560	8
609	6
480	8
628	15
605	7
620	9
563	5
295	0
410	7
558	9
644	12
380	1
641	8
596	14
665	8
621	3
361	1
612	8
595	7
332	3
623	7
400	6
620	9
629	2
610	5
646	7
399	2
597	9
552	4
428	9
623	6
284	3
603	5
564	15
554	11
376	11
750	8
593	10
668	15
565	7
697	5
661	13
714	9
440	9
244	1
477	4
725	5
356	5
626	9
253	3
567	4
581	7
522	9
370	4
317	1
289	4
480	3
561	10
566	9
246	7
650	7
749	11
612	10
645	6
664	11
505	4
582	8
607	10
684	9
610	6
156	5
588	4
648	4
495	13
576	5
689	15
602	7
294	2
716	6
596	3
592	10
481	5
477	5
540	10
484	7
186	3
579	10
507	8
631	10
602	8
641	6
434	4
649	12
169	1
550	3
359	1
642	8
571	11
443	6
148	2
564	9
522	7
230	4
544	10
223	3
202	4
406	6
506	9
577	4
366	4
213	2
213	4
747	7
456	6
324	6
539	11
300	0
659	13
349	5
497	6
643	14
390	2
183	2
584	7
453	4
262	3
713	14
603	20
640	5
577	15
718	6
336	4
681	6
547	4
750	5
313	3
180	4
627	11
637	16
467	19
546	7
451	5
126	1
695	5
322	0
689	17
336	4
272	2
318	11
653	13
302	4
302	5
158	0
644	7
254	6
643	12
653	5
637	5
688	1
604	6
654	5
519	7
502	7
431	4
574	6
487	7
464	4
505	9
631	6
337	4
566	5
600	14
383	3
424	2
607	8
501	1
360	8
609	4
630	9
397	6
389	4
485	2
657	6
159	1
593	11
665	1
378	3
604	9
589	6
647	8
666	7
688	8
525	3
579	6
604	12
402	2
102	0
342	3
525	8
510	4
330	2
415	2
691	6
156	3
614	6
386	5
611	10
652	11
630	11
202	2
557	9
329	2
668	4
650	32
671	7
532	5
279	3
475	3
534	8
627	10
635	12
580	6
422	6
657	11
222	0
190	2
661	7
650	15
641	11
147	7
528	17
177	0
656	10
652	5
598	7
490	2
459	8
553	6
406	6
587	5
173	4
479	8
630	8
314	7
603	11
602	4
616	18
665	3
403	3
364	2
587	9
601	4
654	8
628	8
619	8
639	3
420	14
532	4
623	3
522	2
463	7
699	13
617	19
590	17
195	0
698	7
633	6
631	10
264	6
383	6
524	4
580	5
222	3
142	0
297	4
520	4
567	3
593	20
650	14
660	13
413	5
625	6
649	16
238	2
575	9
350	6
567	4
600	7
382	5
661	23
561	10
750	3
542	3
115	2
652	6
597	7
543	8
670	5
192	2
699	14
648	11
563	9
241	0
580	10
573	14
628	11
651	9
225	3
750	11
613	10
341	4
276	1
617	5
330	6
267	6
554	6
683	10
504	10
597	6
322	3
295	4
480	3
564	7
425	6
169	8
416	4
504	10
415	10
648	8
602	4
410	6
609	9
612	6
435	7
687	2
249	3
646	12
605	10
630	6
546	18
353	2
645	7
608	7
392	1
625	6
367	4
641	18
596	4
495	3
533	3
549	5
520	8
402	12
604	10
526	3
539	2
507	5
556	4
651	6
607	3
279	0
640	4
447	2
629	3
603	6
560	14
254	5
373	6
628	11
526	3
595	9
491	3
271	2
574	4
639	1
419	4
214	3
609	10
643	9
616	9
305	4
273	1
602	6
687	10
458	4
234	5
486	4
688	5
241	3
631	6
645	8
302	1
609	7
610	5
539	8
655	8
535	3
707	7
550	4
614	6
274	7
610	6
608	13
331	2
569	10
588	6
604	5
639	7
246	0
459	4
416	1
574	6
572	4
600	5
173	3
502	8
374	2
335	1
557	7
594	2
474	2
186	2
610	4
419	9
307	5
539	5
250	2
666	8
213	3
413	1
446	2
261	4
491	10
750	6
160	1
236	2
379	8
307	5
630	3
445	6
541	3
362	5
641	5
315	2
641	5
627	2
601	10
527	3
385	1
316	1
451	6
489	3
421	8
448	2
532	4
626	6
611	6
614	8
690	10
575	9
563	10
305	5
561	9
579	8
658	9
528	7
506	4
117	1
551	11
604	4
533	8
665	10
546	9
172	0
162	0
263	8
538	7
748	11
583	15
647	8
601	9
716	7
610	8
632	7
630	11
648	6
340	7
234	5
665	13
581	4
640	12
750	7
632	10
99	1
634	6
198	2
548	4
594	7
247	3
495	5
404	7
572	7
747	9
624	9
283	4
592	10
338	7
282	2
490	7
532	2
262	2
611	11
561	6
608	4
649	4
670	6
589	3
346	1
665	6
325	2
536	3
250	2
677	3
661	6
416	5
581	8
557	7
382	7
231	3
572	7
340	0
649	8
174	4
423	4
516	8
538	8
554	0
245	1
231	3
586	18
581	1
583	5
593	6
644	5
646	9
171	1
672	7
663	8
607	8
390	8
601	6
272	4
613	5
491	8
507	12
472	9
564	12
470	8
283	6
511	5
459	7
215	3
600	12
531	4
359	4
496	8
282	4
177	1
198	5
277	1
614	5
546	6
660	5
511	5
237	3
676	7
657	11
354	5
398	3
306	4
633	4
604	8
438	3
512	4
628	14
374	12
484	9
406	9
478	6
153	2
274	4
575	3
617	8
106	2
309	3
194	0
288	2
662	8
651	7
626	12
590	1
665	5
642	9
659	10
707	8
606	11
643	2
573	6
503	5
277	2
616	5
171	4
331	8
317	0
517	7
446	8
604	9
633	17
167	2
611	14
480	2
582	5
480	4
597	1
531	9
740	1
230	5
587	5
272	4
296	10
584	7
375	5
382	4
199	1
573	15
611	5
638	4
593	6
628	9
320	5
312	4
565	6
294	4
623	7
521	16
657	7
240	2
623	4
608	10
524	6
649	9
268	6
643	7
587	1
599	12
384	12
568	13
650	10
542	9
551	5
685	7
654	4
703	5
614	3
528	5
686	5
345	3
543	8
579	8
190	0
396	4
279	3
307	7
654	9
680	5
750	4
530	4
647	11
348	3
440	5
674	12
665	2
565	9
693	11
536	5
588	4
617	6
286	3
372	5
427	3
239	5
641	10
257	4
422	4
653	10
682	3
419	2
644	9
619	4
553	4
504	8
713	6
137	2
454	3
638	8
619	11
588	0
464	7
676	9
346	5
296	0
561	6
294	2
468	11
624	11
510	8
513	9
349	10
549	9
466	6
721	7
750	10
546	9
621	15
523	13
631	5
530	5
486	7
137	2
626	13
305	2
358	3
502	3
339	4
324	2
327	3
644	19
543	4
630	4
319	2
203	3
228	2
527	4
466	6
445	6
349	2
257	6
220	2
510	12
436	12
698	10
473	9
383	2
587	8
617	6
595	9
479	1
643	9
302	3
635	7
404	3
649	9
227	10
120	1
486	6
524	9
651	7
104	0
651	11
631	6
143	2
613	6
609	5
258	5
565	11
446	4
644	5
598	8
540	5
632	8
340	3
562	5
170	1
684	9
650	10
549	8
247	4
674	13
691	8
452	9
588	10
608	6
553	8
614	6
585	6
541	8
578	10
655	5
595	8
572	6
537	7
618	6
607	6
538	3
254	3
637	21
605	5
750	4
504	1
112	0
461	5
373	5
586	9
402	4
419	4
633	12
112	1
523	4
519	3
382	2
649	4
381	2
205	2
510	4
597	9
600	10
135	1
618	10
490	5
607	11
624	3
349	3
639	12
306	7
223	5
665	7
647	13
514	4
382	4
692	8
220	4
431	4
565	4
318	9
660	15
127	2
621	14
507	6
540	7
676	8
513	7
358	1
618	7
554	5
704	9
645	8
490	3
519	8
583	4
587	6
602	8
588	8
567	12
644	7
750	5
647	14
392	3
582	5
657	6
605	0
673	8
659	7
616	10
373	0
665	10
303	2
337	8
748	10
630	14
530	7
530	7
572	8
647	10
662	8
210	3
574	4
326	10
414	9
197	5
350	5
570	5
611	11
654	6
617	7
197	3
477	8
654	7
633	11
609	5
747	5
171	0
567	6
203	2
580	4
620	4
481	7
353	5
234	5
636	8
118	2
666	5
711	6
446	6
466	2
439	6
302	2
220	2
379	5
217	3
681	7
115	1
633	9
490	4
118	1
161	4
612	11
173	4
356	9
281	1
607	16
670	9
345	4
660	10
134	2
480	2
141	0
200	6
587	12
561	6
261	9
387	8
602	9
357	6
621	8
593	4
689	5
204	0
601	5
395	2
331	3
411	7
584	8
607	10
622	9
628	7
405	5
484	5
520	7
622	19
142	2
664	5
745	6
447	7
202	1
654	9
383	0
232	1
541	4
551	13
408	6
434	1
223	2
572	7
542	7
569	7
609	8
348	5
648	10
496	2
435	4
639	6
611	3
280	4
532	9
645	6
188	0
593	5
631	7
122	1
642	6
650	13
657	4
594	5
696	3
622	4
620	8
612	4
646	11
592	4
577	9
586	9
452	9
467	2
550	14
479	5
522	7
670	13
588	15
657	11
561	9
610	8
577	16
572	7
601	12
470	5
360	5
311	6
473	4
623	11
317	3
607	12
603	9
592	8
122	1
518	6
618	9
248	5
320	4
561	7
618	14
536	7
551	9
503	7
155	7
660	15
359	7
308	8
603	10
597	10
577	11
611	7
610	9
317	8
657	9
619	11
628	13
438	6
695	17
507	9
516	9
550	9
604	8
519	10
635	10
668	11
557	8
622	16
746	15
585	8
242	2
477	4
544	10
498	12
609	7
374	3
376	3
576	7
503	20
449	5
617	9
651	17
456	6
579	11
502	4
698	16
297	2
421	5
253	4
571	7
590	10
162	3
546	5
417	4
363	4
573	2
711	13
516	8
493	7
579	7
322	6
306	6
557	11
688	5
486	4
382	3
599	17
525	12
618	3
672	14
585	14
158	2
491	12
413	5
587	9
377	3
407	6
640	6
525	15
566	9
611	12
590	12
684	6
226	3
625	21
378	6
219	4
632	16
389	8
539	8
382	5
574	12
586	11
269	3
491	6
624	7
160	4
653	13
331	2
410	6
605	7
627	2
217	2
278	2
593	11
378	4
638	17
417	4
657	9
638	9
183	4
565	7
750	22
283	4
331	5
308	5
423	10
488	6
682	10
657	18
589	11
323	4
662	9
422	8
406	4
656	9
658	12
749	14
651	7
483	5
308	7
526	2
252	3
546	14
374	7
483	5
628	9
468	6
520	8
498	9
641	14
593	6
108	1
614	9
296	3
750	15
573	5
262	2
326	8
622	6
270	5
638	12
576	4
643	10
292	3
467	7
100	0
560	10
528	10
144	2
584	10
451	2
593	14
632	0
554	4
695	6
623	5
624	8
410	5
630	7
588	6
348	2
291	7
614	9
620	8
617	6
426	6
297	1
499	11
646	4
571	6
590	10
635	8
632	9
624	8
205	5
458	9
579	7
625	8
413	16
606	14
540	3
670	10
432	6
259	3
619	8
662	5
568	9
576	12
663	16
206	4
596	4
396	6
428	5
628	6
398	11
700	9
603	7
635	6
624	3
615	6
657	10
605	3
607	8
622	8
483	4
522	5
590	3
327	7
603	9
629	9
621	12
660	6
510	9
322	4
538	7
545	4
490	4
467	10
472	6
583	7
630	10
422	6
590	8
216	1
500	6
627	25
601	9
579	14
626	5
621	8
575	6
588	5
275	6
595	8
568	6
314	6
581	11
593	11
635	18
501	7
656	16
478	4
567	13
619	9
486	9
518	9
473	5
703	19
639	3
601	7
610	2
618	13
454	6
476	9
202	2
216	6
586	6
103	2
604	8
320	2
466	1
270	2
334	12
400	6
488	9
454	9
483	3
413	7
597	6
339	10
718	12
651	9
244	0
362	2
308	2
636	8
389	8
243	8
450	5
377	8
655	9
677	8
385	4
335	5
242	3
467	6
662	6
383	6
572	9
567	5
588	4
407	5
597	10
612	9
186	1
605	13
418	9
455	4
611	6
465	3
166	2
633	8
638	8
618	11
370	2
673	11
575	7
503	6
196	4
437	8
523	6
619	11
573	8
501	8
398	5
302	1
414	7
640	7
668	8
367	1
749	9
595	9
446	2
630	5
444	5
669	9
264	3
630	6
429	3
574	8
565	10
647	5
449	5
634	8
425	3
597	11
605	12
641	11
640	14
333	10
493	9
421	7
568	9
647	11
414	2
625	5
602	9
568	7
486	5
528	9
539	3
376	6
290	4
523	5
506	6
688	9
191	4
463	3
494	3
350	6
462	7
534	8
640	8
216	2
242	3
530	7
515	5
665	10
675	6
675	7
266	1
147	2
302	0
639	9
447	2
338	4
584	3
357	2
143	0
629	7
626	4
609	7
351	3
352	1
297	5
421	5
382	7
367	6
645	5
680	3
297	1
437	6
425	2
639	14
602	15
635	7
600	10
605	6
653	15
306	4
608	8
287	2
567	9
549	10
609	2
259	2
568	9
596	3
186	2
449	4
628	4
188	0
726	23
619	2
355	3
560	6
614	3
608	7
173	1
186	1
607	8
640	8
459	4
176	0
677	4
479	2
566	6
364	3
577	5
462	10
224	2
623	10
512	6
605	12
601	16
435	5
231	4
497	4
618	3
616	8
599	10
527	1
456	5
691	2
325	2
250	0
663	5
593	9
559	3
590	8
480	4
647	6
646	7
561	4
750	6
605	9
629	7
303	3
232	3
513	7
464	16
208	5
353	3
464	3
580	7
342	11
332	6
367	5
442	2
557	2
250	0
285	1
527	5
611	8
608	8
314	2
637	3
601	5
532	5
528	4
260	2
136	1
598	7
211	0
644	9
665	13
635	4
587	8
592	7
532	11
644	7
378	3
672	5
590	7
431	5
221	0
653	6
285	2
691	6
572	3
666	7
425	4
604	4
634	7
540	4
237	2
535	7
675	15
173	0
339	3
602	7
657	5
648	6
561	5
319	1
611	6
287	3
555	7
636	10
457	0
295	2
437	3
750	10
225	2
544	9
584	11
592	3
580	13
579	8
668	2
594	16
606	8
449	6
672	4
311	4
633	9
364	4
670	6
447	4
449	6
212	0
619	12
591	10
396	3
487	7
323	4
539	10
605	2
593	15
620	5
462	5
602	6
179	1
531	7
422	9
240	1
371	4
234	4
616	6
334	4
608	9
627	9
645	13
605	6
631	6
272	2
547	9
646	26
628	6
644	10
605	4
582	1
406	4
651	4
365	5
709	3
137	2
512	4
642	5
624	8
594	10
739	8
167	1
571	5
196	1
464	5
720	5
682	7
630	11
625	13
749	9
316	9
513	4
638	2
522	2
527	7
521	5
625	6
400	6
381	4
233	0
684	10
514	6
398	2
112	0
480	2
641	2
634	5
639	4
613	9
601	8
402	3
619	2
363	3
546	2
620	8
659	8
228	2
190	2
389	7
448	0
595	4
122	2
662	7
545	4
661	5
575	5
651	2
460	6
543	5
506	3
360	5
587	1
567	9
646	1
603	8
577	1
495	2
552	5
570	6
364	3
227	1
612	3
226	4
612	2
729	8
351	4
620	17
597	9
559	11
548	6
384	5
571	5
221	0
616	7
619	5
573	4
220	0
363	0
577	7
411	2
657	5
641	3
622	4
600	4
429	5
472	4
626	6
215	1
532	5
533	5
608	4
406	4
569	6
243	2
410	8
600	11
739	9
614	9
638	6
632	5
567	10
608	11
253	6
483	3
617	4
666	6
650	9
222	2
208	4
503	4
502	11
467	8
731	3
231	3
602	5
676	6
547	9
397	10
634	9
687	4
498	7
271	5
605	4
624	10
622	10
409	4
283	5
582	11
543	10
118	1
613	4
676	7
541	7
710	10
415	4
585	7
142	1
273	1
421	4
594	12
647	12
517	5
579	8
523	6
604	8
336	1
588	5
147	5
498	5
746	9
190	0
598	5
632	5
629	8
538	7
641	9
667	7
181	2
578	4
619	11
681	13
569	11
750	17
584	6
692	7
640	6
613	8
588	9
365	5
730	11
638	10
571	6
313	5
726	6
607	13
590	8
621	4
662	9
528	5
321	3
639	4
613	6
517	17
590	4
385	7
379	3
742	18
373	12
447	8
561	2
623	6
481	5
320	3
206	6
746	8
335	3
402	3
468	5
201	2
374	6
256	2
204	4
672	6
581	12
581	3
621	9
628	8
533	3
332	0
433	11
351	5
639	10
238	0
491	6
594	5
494	7
611	4
370	9
543	5
663	10
644	8
427	9
667	11
303	5
654	6
471	8
249	0
682	9
355	4
671	8
586	4
588	9
619	16
744	5
359	4
171	4
221	3
595	7
502	9
592	4
195	2
549	8
342	7
705	12
430	3
473	1
440	5
527	5
572	16
653	11
626	3
571	5
663	8
614	10
511	8
607	3
297	5
451	6
511	1
340	5
626	8
609	10
623	10
750	9
422	10
608	11
691	18
617	8
750	21
381	2
606	12
477	1
434	11
372	10
142	1
189	0
184	0
516	10
508	5
423	4
333	1
617	9
633	8
398	4
492	5
233	5
216	3
389	3
366	9
211	4
352	7
532	8
384	7
705	8
297	2
596	5
704	5
594	2
400	2
221	0
582	7
435	1
652	10
717	9
612	2
549	10
559	2
574	8
637	4
575	7
534	6
171	3
662	10
555	4
598	14
384	4
715	3
119	1
541	7
277	9
440	5
631	9
527	9
587	8
534	8
499	7
640	8
620	3
663	10
403	10
608	15
561	4
593	6
334	4
628	9
514	0
561	5
575	7
573	6
749	3
516	4
677	7
483	2
413	8
488	5
677	6
419	3
588	9
558	6
226	4
351	4
676	12
599	2
179	2
573	4
662	11
312	1
324	2
463	3
503	15
458	4
148	2
553	3
482	4
574	11
614	20
577	5
572	3
657	8
623	5
662	4
660	5
750	12
566	6
199	2
723	6
334	2
680	1
600	6
604	6
611	11
629	7
228	3
616	6
546	5
337	6
265	2
382	5
589	4
550	2
623	7
453	2
619	6
526	7
463	4
169	3
587	6
671	4
335	3
422	11
341	3
276	5
468	2
413	6
700	7
709	8
272	1
232	2
656	7
616	8
493	8
510	3
292	1
299	6
582	5
378	5
339	3
322	3
464	4
282	2
599	6
437	3
623	8
531	12
657	11
417	6
482	4
666	11
590	7
457	3
644	17
379	9
679	10
263	3
534	6
594	8
614	3
704	8
550	4
632	6
390	2
220	5
634	5
592	4
570	5
330	5
139	3
253	3
609	7
663	6
750	6
575	11
382	6
643	7
470	2
545	5
615	4
492	3
308	4
571	5
568	6
546	6
691	3
624	5
432	4
573	3
730	3
650	7
214	0
505	7
381	9
579	10
410	4
559	8
211	1
344	6
505	4
335	1
607	6
562	4
608	5
635	3
681	7
542	3
297	1
670	6
428	4
593	10
316	1
680	12
653	8
598	7
280	0
361	0
586	11
571	10
593	10
505	4
344	5
618	13
479	5
297	9
609	4
618	7
646	9
616	5
466	11
633	10
190	2
376	13
350	10
549	4
403	5
663	6
625	8
538	12
593	12
446	6
479	6
336	11
648	6
466	11
367	1
414	2
483	6
179	5
354	2
549	8
316	5
470	8
337	2
749	7
613	3
563	8
425	5
485	7
624	6
630	10
399	8
691	4
464	14
364	3
324	1
256	3
503	4
649	10
654	6
439	4
580	7
430	7
420	5
678	12
499	8
396	5
543	3
581	15
425	4
307	9
605	7
411	3
604	5
662	8
588	5
382	5
502	8
668	7
626	7
600	11
636	8
643	8
580	6
378	4
400	2
648	6
208	3
577	16
618	5
742	6
475	8
370	3
181	1
396	3
674	7
625	8
276	6
550	3
641	4
132	1
578	4
242	3
589	6
612	2
582	3
174	3
614	9
539	9
522	7
543	9
220	0
580	5
573	12
485	8
672	6
367	4
658	10
634	7
605	8
634	12
411	10
348	7
669	9
140	0
277	2
194	2
683	6
307	6
483	3
660	20
404	4
544	14
206	3
174	6
523	13
314	6
691	12
370	0
196	2
508	8
632	7
294	7
285	2
502	7
197	2
129	2
598	11
209	2
312	3
369	4
674	10
610	10
382	5
610	6
140	2
592	10
566	3
221	1
557	7
613	9
574	6
437	7
514	4
527	10
516	9
609	6
312	2
202	2
589	4
722	21
638	15
607	10
575	6
627	8
596	8
112	2
645	4
569	7
580	4
503	12
686	7
472	8
520	7
376	9
334	4
688	7
582	8
662	7
640	10
691	3
661	4
603	7
660	8
341	7
645	3
576	7
258	1
289	5
202	0
106	0
545	1
353	6
537	5
592	8
589	5
579	8
236	2
283	2
661	9
750	10
671	9
619	1
604	6
391	6
268	1
648	6
178	4
628	6
626	6
570	5
603	4
603	3
594	4
615	2
123	0
297	1
237	1
555	10
608	15
685	6
598	11
401	2
436	10
529	8
506	5
396	1
486	3
649	5
260	3
516	2
547	8
343	6
516	3
607	9
508	9
568	5
557	2
594	12
445	1
586	5
559	9
222	3
668	11
589	8
340	4
648	5
555	7
476	6
562	8
569	8
643	11
629	4
552	3
647	11
534	9
595	9
506	4
140	4
636	10
689	10
517	3
628	3
747	6
451	3
640	13
283	5
570	5
576	8
397	1
327	3
218	2
360	6
600	8
581	6
631	11
574	18
535	13
589	5
555	10
519	11
663	10
611	5
162	2
344	1
173	7
534	7
133	3
410	5
192	2
271	4
348	7
618	2
480	5
130	0
191	1
551	7
190	2
536	6
450	12
639	8
399	7
454	5
244	3
295	4
265	3
305	1
397	2
180	4
513	3
298	2
750	4
188	1
509	4
203	1
299	4
305	2
166	1
521	15
260	2
537	5
118	1
396	6
391	7
543	7
612	7
293	3
601	6
195	1
183	2
573	5
613	4
579	10
318	3
478	2
544	6
351	7
640	8
548	9
557	10
611	7
588	12
609	11
408	5
184	2
659	7
590	8
642	9
588	7
694	7
103	0
432	6
300	7
650	9
734	5
320	7
157	0
628	20
305	8
112	2
404	4
550	2
178	1
558	3
458	4
218	0
544	4
622	6
481	4
425	5
388	5
240	2
560	4
147	1
607	7
734	14
142	1
692	9
657	12
277	2
539	4
401	0
295	6
126	1
575	8
578	4
538	3
641	6
216	3
266	1
621	4
555	5
175	2
580	6
581	5
625	11
667	9
288	6
558	10
642	7
618	5
361	6
442	5
229	3
615	12
263	0
485	5
221	5
506	7
373	7
412	5
591	5
691	16
624	8
561	8
447	5
527	6
490	5
111	1
583	7
625	4
623	5
334	1
508	2
615	12
656	3
617	4
563	10
208	0
599	7
641	19
527	10
467	3
612	6
631	9
517	4
308	5
652	14
277	1
407	3
750	7
312	2
335	5
161	1
565	13
601	19
127	3
477	6
286	0
416	3
225	3
317	6
641	13
491	10
618	14
574	12
489	6
596	13
651	4
682	13
354	2
583	12
636	12
534	5
626	4
669	8
175	6
531	4
528	3
571	5
561	6
557	11
524	14
444	3
652	4
537	7
651	11
346	3
750	5
320	4
265	3
483	9
523	0
637	10
657	9
643	10
450	8
133	3
364	7
539	8
273	4
394	6
412	8
707	10
477	5
395	4
426	5
548	11
172	0
582	8
487	3
544	9
223	8
390	6
308	2
385	9
576	6
218	3
612	3
649	8
629	9
182	3
271	8
200	7
224	2
621	9
565	22
628	6
178	1
451	10
428	2
369	5
434	1
403	10
534	4
461	6
295	5
642	8
440	5
376	2
644	10
582	6
668	4
644	6
242	6
523	11
595	10
697	6
576	15
226	2
418	9
451	5
749	17
355	7
640	9
559	4
301	4
574	7
569	4
316	5
592	6
411	2
494	4
415	10
421	5
601	4
318	7
397	5
205	2
233	0
451	9
631	2
656	3
241	3
639	9
438	4
585	2
623	11
638	12
398	3
616	15
621	13
273	4
134	5
577	8
532	7
750	7
309	3
602	5
650	7
473	6
661	7
498	10
672	12
626	3
561	6
637	4
423	5
401	9
455	14
653	12
130	1
250	1
663	6
483	6
415	4
571	5
602	7
623	4
357	4
645	8
652	4
628	6
654	3
670	6
416	5
624	14
429	4
568	5
520	7
129	1
422	2
532	4
639	4
655	8
563	1
372	2
544	0
609	5
663	7
580	8
311	7
545	3
232	0
295	3
324	6
339	8
643	23
346	1
610	4
282	2
642	5
619	5
244	2
564	3
296	5
652	8
616	8
604	4
544	5
627	4
267	2
261	5
661	8
610	7
603	10
661	10
643	4
670	6
540	4
356	6
528	7
537	9
661	8
524	12
491	11
271	3
158	3
441	6
592	5
655	11
547	9
596	10
549	6
643	10
360	6
596	9
589	7
593	5
636	9
492	11
627	6
707	10
601	6
621	6
450	4
444	6
494	7
364	4
629	12
520	9
634	10
331	5
658	2
567	13
357	7
602	5
646	1
506	1
510	7
160	3
536	6
418	4
526	2
340	2
645	3
653	7
668	4
561	4
577	0
353	10
536	8
217	4
650	8
582	7
502	7
608	7
241	3
269	2
747	3
196	5
303	1
626	8
469	9
558	6
635	12
605	5
460	3
144	3
619	12
393	6
652	12
626	9
666	4
581	6
601	8
267	3
673	11
204	1
206	4
583	5
366	3
608	11
233	3
357	4
540	6
235	2
530	3
617	12
603	1
456	6
163	0
644	12
643	13
429	6
626	6
448	5
582	10
101	2
499	3
660	5
557	6
637	5
410	1
508	7
328	1
349	4
616	8
575	8
631	11
627	7
252	4
605	12
487	10
602	1
540	9
174	5
349	6
645	5
639	5
545	10
150	0
281	4
591	4
131	2
266	1
591	6
617	9
243	3
606	9
556	3
131	3
628	3
692	6
750	6
402	5
563	8
525	6
641	3
623	9
225	2
481	5
602	3
619	3
629	9
592	8
630	8
432	5
634	9
529	6
470	4
510	9
563	5
408	5
619	12
570	7
323	0
507	4
626	14
587	7
749	11
675	11
622	14
628	10
584	7
120	1
396	1
406	1
124	0
644	11
745	7
663	3
564	2
241	3
633	6
540	9
599	9
634	5
496	6
298	2
658	4
405	5
601	4
571	2
685	11
637	5
242	1
616	9
579	3
268	1
524	2
633	13
662	2
669	8
488	8
382	7
547	6
129	1
593	14
572	2
488	7
278	4
238	2
404	5
482	1
128	0
657	6
458	5
356	6
744	4
634	6
437	7
484	6
388	3
579	10
534	14
749	6
313	6
619	8
540	6
748	7
535	4
495	5
432	3
462	4
588	7
750	9
582	8
276	2
635	5
594	6
718	8
645	15
637	5
552	5
621	4
548	2
532	2
525	4
348	6
503	5
587	6
244	3
301	4
653	6
386	5
269	3
604	5
457	0
523	7
663	3
642	15
654	17
660	7
485	2
502	4
647	10
541	4
175	2
413	2
268	2
540	2
385	1
452	5
619	13
461	6
189	1
617	5
623	7
648	5
508	5
607	4
746	7
387	5
616	10
647	5
275	1
483	10
602	6
471	6
650	14
601	3
107	0
558	9
344	5
636	4
489	3
640	10
393	5
265	3
602	3
638	5
571	9
613	10
616	15
215	1
522	4
568	14
489	10
654	4
489	4
230	1
467	4
574	4
665	7
631	7
223	0
659	7
669	5
532	5
120	2
493	2
487	3
219	2
437	9
571	15
628	8
249	3
491	8
322	4
304	2
566	7
454	7
641	13
579	8
510	1
487	6
485	3
750	8
578	1
696	3
493	5
684	1
577	8
377	3
643	5
319	0
184	4
511	6
503	5
589	4
624	5
552	5
659	9
614	7
564	7
634	8
549	10
334	1
586	2
499	5
366	4
356	5
419	4
388	7
350	3
510	4
559	1
595	10
661	14
290	8
630	7
287	4
584	4
657	15
243	5
574	6
573	8
691	14
588	5
507	6
331	6
594	8
611	12
401	3
283	1
665	3
630	7
611	13
638	15
461	7
554	15
641	2
658	13
683	12
750	12
256	3
630	5
400	5
577	6
249	1
350	1
615	10
152	4
698	9
482	8
638	4
615	4
600	9
283	5
566	8
622	8
606	9
268	0
616	8
643	4
642	6
646	4
539	4
749	10
401	3
697	12
445	5
626	6
565	8
293	6
541	4
595	11
554	6
244	3
662	9
731	4
541	8
655	9
483	5
523	4
427	8
336	7
267	8
638	11
559	8
392	3
649	15
327	2
746	16
290	3
477	4
750	15
637	5
508	9
562	11
623	10
377	4
334	7
604	11
608	10
342	9
550	8
209	0
749	9
591	7
636	9
670	12
487	4
181	2
652	10
506	6
612	7
580	11
664	5
411	6
414	8
524	9
282	6
124	1
595	9
614	12
634	6
535	5
582	6
626	14
632	10
616	10
275	3
623	6
696	8
487	10
402	14
363	10
243	4
580	3
350	6
260	5
230	1
611	14
411	7
621	13
642	8
115	4
549	9
597	7
585	5
601	7
573	5
585	17
637	9
650	12
536	8
618	4
431	4
655	8
447	7
750	11
620	13
640	9
648	7
518	3
631	8
643	9
477	7
317	1
530	8
428	6
651	9
161	1
224	2
327	3
421	9
438	8
607	10
425	2
300	5
416	7
561	12
652	14
281	4
552	6
209	3
635	15
645	5
661	12
511	11
629	19
582	6
511	7
620	7
603	11
494	4
657	14
267	2
182	2
467	11
662	5
589	5
309	9
749	20
347	9
626	9
305	5
327	9
552	5
459	5
644	4
592	6
603	7
249	2
304	2
524	2
688	8
406	3
451	2
141	0
633	7
404	2
558	2
260	2
442	3
457	8
639	8
349	7
214	1
496	7
635	8
640	5
617	7
620	14
577	12
612	6
690	12
453	4
599	10
611	8
600	3
161	0
614	13
370	3
571	2
624	2
453	3
659	14
481	7
577	3
494	5
642	3
435	5
580	6
388	5
614	3
538	8
595	7
101	0
115	0
338	2
617	8
192	2
465	1
572	3
513	2
530	6
614	4
641	4
623	7
579	2
705	11
532	10
621	9
551	2
567	3
599	8
610	7
227	5
259	1
661	15
167	3
628	7
633	2
603	7
258	3
383	6
666	8
630	10
555	3
750	11
319	6
230	7
609	13
545	5
592	12
571	5
159	0
578	4
619	13
750	8
642	6
408	6
485	4
571	7
174	1
268	4
223	0
623	8
656	10
136	2
508	6
356	4
594	9
513	5
659	13
669	1
522	5
280	5
662	10
583	9
587	10
649	12
235	4
678	7
566	5
545	5
487	3
593	6
596	3
636	7
596	13
328	6
594	2
326	5
622	4
588	10
542	4
620	10
422	5
675	6
267	2
164	0
583	8
600	4
618	10
391	9
577	4
749	4
245	2
620	11
662	5
639	9
371	5
150	3
750	16
282	5
575	8
683	4
396	16
710	6
228	4
282	6
413	8
206	2
578	2
431	6
648	11
611	14
233	1
628	4
642	9
299	7
696	15
429	6
422	3
701	9
491	6
332	3
601	5
278	5
602	4
618	4
543	6
624	11
654	9
477	20
265	4
157	2
164	3
245	1
317	11
676	6
717	5
336	3
295	5
257	2
566	7
656	15
750	7
424	7
590	11
567	20
182	2
255	1
475	11
295	3
656	9
744	10
644	7
577	4
750	13
725	7
424	14
382	3
416	2
332	3
278	0
552	10
684	8
558	6
296	1
627	4
652	1
241	7
246	2
614	4
614	3
610	10
322	5
651	9
640	10
572	14
248	4
593	3
505	6
232	1
661	9
342	7
619	10
639	3
448	5
603	5
586	3
635	16
608	6
245	4
188	3
465	14
572	7
169	2
535	4
467	3
636	5
579	7
454	5
580	7
588	13
589	12
371	4
608	1
396	6
556	1
411	5
609	2
665	7
482	4
101	1
636	9
616	7
600	11
287	5
261	5
463	3
569	6
625	9
625	10
574	4
620	4
620	4
296	1
562	8
585	6
604	3
562	2
579	6
214	2
577	16
625	13
475	4
426	6
604	1
580	5
163	0
587	12
613	3
596	4
734	11
608	5
185	0
315	3
604	6
650	6
489	4
485	8
668	10
577	12
626	8
570	5
661	7
202	0
641	8
666	2
356	2
557	4
528	6
664	6
406	4
672	11
574	8
296	4
621	5
378	5
706	5
342	1
262	4
500	7
131	1
535	5
603	4
514	12
431	4
748	7
568	7
517	12
555	7
566	10
437	7
641	3
518	7
411	2
613	6
444	5
554	1
602	4
633	4
640	10
355	1
593	7
604	6
294	2
638	5
562	14
673	16
603	10
507	8
344	10
719	7
612	6
149	0
324	3
383	1
233	1
608	4
417	3
512	8
481	4
219	1
675	8
158	1
647	6
702	4
262	0
457	6
613	0
656	4
363	1
604	8
221	3
646	4
750	4
538	7
600	7
543	4
631	4
512	7
485	4
540	7
615	7
295	5
579	8
252	3
628	3
249	3
630	3
567	8
389	6
419	2
399	5
499	8
672	10
473	5
427	6
546	6
535	10
644	6
631	8
701	11
606	4
750	11
682	8
289	7
651	5
120	2
318	2
122	6
200	3
607	8
646	7
290	3
678	7
749	8
337	1
190	2
598	11
617	3
628	9
164	4
466	5
580	6
246	2
610	5
616	4
394	3
600	8
616	8
438	6
651	7
638	6
495	5
436	1
578	8
107	0
654	7
750	12
609	13
594	1
317	1
606	7
447	2
601	4
561	11
554	9
553	7
492	6
668	14
170	3
566	5
624	8
346	3
508	3
590	5
656	8
159	3
228	1
648	9
609	9
346	3
652	7
589	4
651	12
458	5
598	8
590	7
682	7
376	1
420	3
650	6
583	9
624	3
280	2
539	10
553	6
451	3
241	2
586	2
273	5
311	4
493	8
212	2
613	8
300	4
249	0
347	5
461	7
600	8
572	8
571	4
749	7
607	7
638	7
696	12
651	5
543	6
628	10
462	5
183	6
438	3
564	8
573	4
567	6
645	9
627	11
661	5
454	4
615	5
297	3
386	7
640	6
696	7
525	5
590	10
325	1
637	15
240	4
374	2
643	9
534	5
587	7
691	10
667	8
390	3
385	3
601	6
684	8
614	3
238	3
637	16
624	10
602	4
493	3
237	1
533	18
603	12
418	7
564	3
283	5
614	9
309	2
638	8
237	2
722	6
657	4
630	8
300	6
661	5
598	6
447	4
627	8
120	2
609	7
615	12
626	7
453	9
596	4
558	5
619	20
526	4
599	20
680	11
606	5
565	3
216	3
608	9
541	9
653	5
169	0
245	5
392	8
580	4
114	3
155	1
638	9
510	8
390	6
333	4
489	5
565	8
208	1
242	5
554	9
716	8
495	5
622	3
586	10
425	5
472	10
195	1
630	9
581	6
582	6
225	5
692	12
456	10
560	6
452	4
617	13
623	18
652	14
226	2
482	4
524	6
304	4
570	10
637	7
503	4
640	6
603	6
364	5
517	10
610	11
656	11
139	2
545	2
541	3
600	10
444	3
240	3
336	6
633	3
584	8
227	1
221	5
448	7
396	3
301	1
182	3
506	3
512	6
609	4
592	10
710	14
316	1
594	11
531	7
535	6
694	8
478	17
687	11
394	5
611	12
633	19
541	6
545	10
597	19
616	9
586	12
642	16
698	8
616	3
537	6
735	2
624	10
563	6
524	7
600	16
132	2
614	2
611	10
604	10
198	2
487	13
296	13
707	24
357	6
213	4
383	12
323	5
598	9
455	6
510	8
572	23
483	10
540	12
242	4
601	24
464	13
430	10
748	20
529	7
503	8
568	10
442	7
608	31
395	10
112	4
660	19
492	5
601	11
583	14
444	9
651	18
736	13
534	9
605	6
296	14
600	4
553	8
680	9
475	17
194	8
588	6
623	16
323	7
474	6
542	7
614	11
639	21
611	14
289	8
276	4
347	12
227	5
260	4
504	16
523	6
654	13
556	18
209	1
613	11
627	5
476	2
500	7
218	3
582	9
315	8
618	13
608	10
623	18
330	9
647	8
641	6
638	13
436	6
650	5
564	11
712	11
688	16
241	4
599	6
589	6
548	8
294	4
541	6
655	17
493	8
512	12
664	10
602	10
542	19
522	0
628	7
659	15
661	15
681	10
572	5
611	15
588	5
650	7
552	9
646	15
460	10
689	5
609	3
404	5
464	5
624	0
607	4
625	6
736	15
595	2
678	6
420	4
636	2
576	5
335	3
249	3
534	8
603	7
638	18
307	6
340	4
300	3
685	14
632	10
628	10
120	1
605	5
623	3
448	4
368	2
561	7
566	7
584	7
593	5
566	8
326	1
593	8
662	11
562	5
348	3
576	7
390	10
576	5
619	9
660	9
179	4
623	15
282	4
594	5
376	3
482	3
667	8
491	8
243	5
133	1
576	7
549	2
696	3
252	1
560	13
134	1
637	6
553	7
492	6
644	5
551	2
587	8
364	3
599	14
526	5
582	5
314	3
127	1
411	2
686	8
530	0
279	6
299	1
257	1
607	7
622	12
535	4
177	4
721	6
597	8
608	12
646	9
696	10
612	7
641	4
504	11
336	1
556	5
470	11
543	10
502	7
381	4
626	13
663	12
593	3
167	0
496	13
542	4
607	12
345	3
607	13
470	7
562	8
595	6
580	8
377	4
630	1
611	4
231	0
586	8
577	4
506	3
587	6
461	5
626	3
662	9
286	0
432	1
651	9
101	1
572	16
586	15
669	14
408	7
662	9
287	1
257	1
643	5
151	1
583	6
624	5
561	5
409	3
605	6
394	5
299	5
608	5
552	6
400	9
598	4
629	9
521	4
518	7
627	7
669	9
624	6
661	3
469	3
442	2
601	10
634	10
535	8
581	7
372	2
671	4
449	4
332	1
202	5
507	5
746	5
695	17
592	5
590	7
639	10
433	7
628	6
246	5
479	6
747	9
616	14
206	3
748	11
525	4
377	5
542	9
168	0
599	4
622	11
660	3
574	5
682	19
598	5
696	5
623	4
546	2
541	4
606	16
163	2
216	1
175	3
425	9
543	1
601	8
365	1
150	0
151	3
620	9
389	4
321	5
750	19
553	10
577	6
588	9
750	5
405	5
617	9
671	7
287	6
598	10
415	3
249	4
365	9
170	0
640	6
482	3
605	10
625	5
579	6
631	14
592	7
405	7
714	6
158	2
564	4
569	2
636	10
340	3
631	15
408	0
640	10
588	13
594	6
665	10
656	13
469	7
611	8
371	6
386	4
554	19
571	6
459	11
634	10
637	7
236	2
750	6
437	9
309	7
150	0
489	6
646	7
194	0
372	4
606	5
292	5
598	11
608	4
291	1
547	4
585	10
432	3
531	10
238	6
397	9
495	6
672	3
632	3
307	4
342	4
641	13
749	7
632	9
514	10
580	9
559	8
686	9
555	7
630	9
633	18
519	6
215	0
531	3
359	10
662	7
327	3
636	10
548	12
596	10
213	1
638	7
676	10
650	15
213	3
648	9
583	11
583	7
554	6
673	8
250	4
673	10
583	4
588	2
332	5
687	3
536	9
238	3
442	6
374	8
619	6
575	4
411	4
687	7
492	3
361	3
285	7
143	0
464	8
588	6
150	2
602	3
634	4
576	4
608	8
117	1
607	15
616	4
587	10
712	12
303	2
287	3
685	9
468	6
386	2
603	8
409	5
458	4
644	13
304	6
641	5
516	11
222	3
625	6
703	5
603	8
491	4
625	10
614	15
247	1
597	3
728	3
300	4
562	8
311	1
451	5
501	6
365	2
400	2
593	6
494	6
627	2
630	4
419	1
277	0
540	7
424	1
202	1
419	11
358	4
623	10
340	6
323	5
685	10
144	2
664	5
396	2
579	1
609	4
607	14
600	8
670	12
545	16
682	10
433	5
660	3
397	3
656	5
632	10
635	15
413	6
648	18
678	14
365	2
435	8
570	5
296	6
623	6
542	6
594	9
657	9
463	5
553	6
524	2
573	5
607	12
408	1
708	9
532	4
645	1
656	7
629	6
499	6
408	6
591	7
615	1
582	6
704	9
146	3
313	2
637	10
379	3
660	11
612	9
572	3
623	11
748	7
354	2
424	9
488	1
482	3
626	2
582	11
647	4
617	15
483	4
195	1
604	7
602	7
572	7
576	2
379	4
590	4
589	8
616	7
568	6
402	1
465	1
375	7
678	5
671	3
676	13
656	3
493	3
688	4
606	5
333	3
281	3
743	14
301	1
362	8
603	9
607	5
500	11
466	2
173	3
167	1
494	5
589	4
663	4
452	5
548	4
407	6
325	1
644	9
517	4
358	8
482	5
531	9
599	7
447	1
667	5
290	1
599	8
661	13
239	1
308	2
413	6
597	7
630	5
620	4
540	1
321	1
354	3
374	4
580	10
487	2
495	7
482	3
599	5
602	12
404	6
425	3
553	1
513	5
632	3
602	4
547	3
437	6
567	5
279	1
554	8
613	6
559	9
615	7
620	13
409	7
355	8
398	3
618	9
636	8
470	6
362	6
679	4
590	16
552	6
618	6
594	7
639	12
545	8
589	5
631	11
133	2
750	5
376	2
652	7
606	4
526	7
593	3
117	1
684	11
461	4
127	1
627	14
610	8
625	6
447	2
626	7
461	2
591	6
659	2
615	12
628	9
601	6
275	4
216	4
594	12
551	10
713	8
532	15
264	1
630	8
362	8
592	8
625	2
117	1
638	4
338	3
599	8
228	4
606	9
586	8
347	8
585	11
605	6
658	11
621	9
509	7
683	8
532	3
346	2
228	2
223	2
634	10
603	12
598	5
588	1
616	6
640	8
443	1
286	6
489	4
258	1
579	6
173	0
498	3
641	9
177	2
130	1
656	14
582	10
627	10
652	9
606	6
645	10
616	5
509	10
241	5
652	11
615	4
600	2
629	8
285	4
600	5
413	13
222	6
609	5
185	2
475	4
431	5
580	4
593	10
515	3
660	5
660	9
469	5
262	3
591	4
585	6
136	2
370	4
649	8
605	10
118	0
553	8
181	5
632	7
538	8
492	9
555	6
267	4
614	10
432	2
575	4
747	10
416	4
205	0
446	6
592	5
643	5
626	6
349	2
597	2
614	8
615	6
683	11
224	2
343	2
519	10
607	6
676	11
542	7
307	5
719	9
632	5
532	4
670	13
604	8
573	9
683	13
620	4
667	11
547	3
566	12
485	9
647	4
643	2
581	8
441	4
675	5
691	12
669	7
518	6
538	5
639	7
576	9
656	14
419	5
500	4
309	1
520	6
750	10
306	4
636	13
172	2
265	5
495	7
462	4
571	9
712	3
593	11
299	5
631	5
628	7
608	8
321	5
321	3
418	3
658	8
225	0
598	10
617	5
658	7
631	7
404	6
469	9
303	4
635	5
221	4
665	14
515	9
568	8
124	4
522	4
433	4
467	11
570	9
216	3
539	8
598	7
711	12
446	5
645	9
599	6
616	12
574	2
615	15
495	6
611	7
539	8
455	8
522	5
427	2
594	17
639	3
602	8
599	8
633	13
624	2
471	12
311	2
630	14
435	5
625	8
288	1
373	6
611	10
548	2
577	5
545	1
536	9
390	4
511	12
671	10
472	5
503	7
433	3
557	14
597	8
415	3
599	11
284	4
520	14
268	0
499	13
560	8
228	1
245	4
519	10
133	0
362	1
680	3
626	7
235	4
531	10
646	9
639	8
646	9
234	1
512	7
597	6
541	1
215	2
704	12
428	5
342	10
504	8
384	10
500	13
608	10
553	2
750	21
665	11
532	7
198	9
565	4
618	6
659	7
148	3
318	6
389	7
196	2
466	6
658	10
570	8
496	6
623	9
750	6
719	10
629	9
576	6
584	11
661	7
452	8
694	14
134	0
575	10
596	4
319	9
567	8
595	10
644	8
675	20
681	8
235	5
201	0
685	9
574	6
248	2
622	12
312	3
250	3
506	6
319	2
433	5
335	9
673	9
200	2
701	9
458	8
397	6
635	5
674	8
443	6
380	5
149	3
516	5
628	7
483	6
178	0
727	7
664	17
595	9
132	3
342	3
638	10
448	9
156	2
538	10
599	2
665	13
665	11
749	7
611	14
606	5
532	30
414	8
554	9
404	6
475	9
462	8
645	5
598	12
349	6
585	1
435	3
575	7
596	6
740	4
135	0
600	8
348	6
413	3
580	9
629	8
679	7
197	3
669	8
655	12
345	8
517	5
263	8
260	2
559	10
560	3
452	7
550	11
640	6
550	1
587	11
494	5
456	9
263	2
485	9
171	0
589	6
598	4
431	7
632	7
288	2
559	10
603	8
652	6
434	2
398	2
390	5
649	9
532	8
636	4
560	10
662	6
574	10
575	11
542	13
511	11
404	6
429	4
616	12
627	6
222	5
277	4
606	5
570	5
312	2
551	6
750	8
195	0
481	5
725	13
701	17
473	8
627	4
377	4
750	3
443	4
586	6
429	7
366	6
538	5
119	1
588	2
628	3
520	3
605	14
539	5
550	8
612	8
195	3
613	15
334	4
386	7
588	10
633	9
673	11
284	5
587	9
578	1
636	10
626	4
671	3
513	5
535	7
337	2
619	9
642	5
624	5
135	0
338	7
635	3
407	5
655	14
233	2
654	13
353	9
472	10
248	5
238	5
313	8
452	5
516	8
526	4
585	11
515	5
610	7
226	3
298	1
619	9
517	13
683	4
301	4
750	12
571	5
563	9
388	6
623	6
185	2
106	1
342	0
650	12
580	1
468	8
512	2
227	2
400	5
482	5
379	1
594	9
481	10
600	1
523	2
165	2
649	5
195	2
638	6
310	6
602	1
301	4
573	8
415	5
612	10
485	6
588	5
669	7
250	6
637	7
450	9
155	3
255	6
579	4
627	2
524	10
159	2
750	5
604	8
309	5
463	2
509	3
426	3
167	0
182	3
365	8
604	7
450	4
442	5
605	3
576	3
639	12
608	5
171	1
620	5
552	7
540	11
595	11
402	4
536	4
557	6
750	5
605	4
523	5
434	4
631	11
674	2
285	2
422	1
663	4
359	3
504	6
639	9
343	3
734	11
178	2
594	6
414	4
617	13
632	4
615	5
323	6
638	8
550	1
449	6
663	7
587	5
561	5
538	4
239	6
320	2
430	2
583	6
442	7
541	4
162	0
623	5
573	15
349	4
567	11
596	12
362	4
496	14
682	11
408	6
287	3
492	9
666	5
572	5
661	8
619	6
562	5
273	3
479	3
449	8
319	1
607	6
545	5
720	8
499	6
418	8
592	4
615	7
402	4
305	7
691	10
251	6
749	7
656	10
603	7
380	4
364	4
421	4
119	1
470	6
301	4
411	5
574	5
574	5
584	7
684	10
598	6
403	4
417	5
595	14
233	5
690	5
352	4
517	4
569	3
192	8
229	4
621	5
577	4
614	3
603	7
543	8
285	1
245	13
522	6
588	11
417	9
247	2
750	15
632	11
591	5
115	4
182	3
544	6
403	8
508	6
381	3
748	9
633	9
359	4
511	5
587	5
383	6
360	4
453	5
611	4
497	9
215	1
590	2
595	16
624	19
567	3
337	2
750	4
303	3
242	0
483	1
424	4
534	4
559	3
306	1
657	14
548	6
144	1
640	7
296	8
618	10
726	13
560	8
647	10
400	4
685	13
291	2
689	8
639	3
278	8
561	12
670	8
277	2
619	15
346	21
642	10
639	14
229	0
638	9
360	5
552	8
603	9
500	6
641	3
668	8
552	8
268	2
596	7
604	5
295	4
303	3
529	4
558	13
577	15
506	8
161	3
517	4
427	6
556	5
483	9
605	9
366	2
750	4
623	4
494	6
666	6
675	11
621	9
238	3
309	5
368	8
132	0
576	6
535	10
388	9
542	16
404	7
524	13
547	7
227	4
674	5
470	4
599	2
448	5
420	6
406	5
153	3
695	14
428	5
563	12
627	11
256	1
354	2
540	4
277	3
207	1
257	2
217	2
522	9
548	4
533	2
652	10
655	10
564	3
243	3
573	12
653	17
609	6
645	9
750	15
670	8
325	3
217	4
597	18
400	6
669	3
632	6
202	3
509	7
505	2
633	5
594	10
459	5
573	10
133	3
603	14
341	4
154	0
663	9
650	14
612	10
503	11
354	5
346	3
347	2
443	10
591	3
521	3
684	11
333	0
651	12
273	2
248	0
554	7
635	17
679	10
612	15
654	13
255	2
573	8
552	5
750	10
577	6
467	6
199	1
675	10
586	3
157	0
531	7
573	3
130	0
204	3
626	10
582	6
479	5
553	7
464	3
567	12
582	10
342	7
109	2
570	12
623	8
148	2
624	12
567	6
357	10
488	6
656	11
637	12
649	11
399	10
360	3
616	7
411	3
645	14
355	7
666	11
686	16
601	15
266	6
750	18
162	4
362	13
421	7
626	23
655	19
356	6
541	11
597	7
466	9
660	7
359	2
645	7
562	13
587	16
670	13
615	6
645	8
300	3
604	7
664	12
601	16
221	5
558	8
615	4
655	10
427	5
155	2
565	12
490	5
174	4
522	4
420	7
386	4
624	14
324	1
651	3
494	7
412	3
616	13
434	5
221	3
621	7
552	9
668	9
567	6
660	5
184	0
456	5
513	5
653	9
750	9
749	11
411	7
229	3
750	9
387	5
229	0
590	12
364	7
244	0
549	4
633	5
380	7
644	7
528	6
584	5
152	1
541	2
599	12
209	3
595	12
350	6
629	10
403	8
750	2
526	5
574	5
469	7
621	10
637	5
375	7
577	5
201	4
361	11
345	3
482	10
575	9
426	3
333	6
466	4
743	8
640	8
484	8
638	12
290	1
174	3
729	15
560	9
596	7
634	12
584	13
378	5
574	3
629	5
301	1
489	6
646	8
131	1
171	2
334	9
187	1
505	5
600	6
315	6
629	8
701	12
312	1
530	4
698	11
507	9
324	6
667	8
612	8
611	7
649	12
364	4
664	1
588	7
538	11
519	3
565	9
576	1
614	8
621	10
563	5
579	4
646	2
555	5
715	4
599	4
646	5
705	2
490	4
155	0
674	4
462	7
574	8
418	7
288	0
430	3
583	10
410	6
648	2
626	8
654	5
312	4
405	1
654	8
536	5
323	3
655	3
370	8
410	6
253	1
307	8
316	7
611	3
281	6
516	4
610	13
346	9
156	0
648	10
609	8
304	9
604	7
364	5
536	3
289	3
553	7
518	2
639	10
551	8
694	4
185	4
110	1
352	5
570	7
633	5
643	12
442	5
166	4
140	2
595	6
160	3
458	3
188	3
149	2
412	5
654	4
615	5
405	3
628	6
661	13
476	11
646	7
686	17
572	13
571	4
636	11
658	7
408	12
642	5
591	2
259	3
269	3
426	2
610	0
208	1
600	8
550	9
272	1
585	2
501	9
554	5
642	12
294	4
463	11
558	7
227	2
633	9
642	5
655	13
371	3
558	7
573	13
429	14
611	7
235	3
643	5
599	9
337	3
186	1
718	8
640	5
497	1
610	10
493	5
660	12
165	1
548	9
396	8
358	1
487	6
601	8
187	1
690	14
516	13
615	9
670	10
513	4
490	4
641	6
590	5
674	2
310	3
463	6
652	5
224	2
547	10
658	7
273	0
619	16
620	5
486	4
635	2
593	4
570	3
615	7
486	11
392	7
656	11
588	4
310	4
681	3
750	12
471	1
580	5
621	9
679	3
594	3
572	3
148	2
296	1
525	3
482	1
648	5
641	4
560	7
547	4
616	5
586	11
614	7
605	4
699	5
628	6
423	2
283	3
589	7
259	3
637	4
556	3
401	2
628	3
712	7
563	8
602	3
205	3
398	8
564	13
400	4
339	7
499	3
582	4
604	5
577	7
505	4
608	5
554	3
601	3
275	0
620	10
629	8
643	13
431	6
305	0
569	2
472	7
722	13
618	4
428	2
622	7
621	5
691	8
381	5
403	3
432	2
749	4
244	4
472	5
610	5
669	9
681	8
577	6
620	12
581	5
625	4
692	6
589	11
647	11
550	1
606	3
624	5
596	6
667	4
495	8
394	3
283	2
578	8
634	6
614	2
213	6
392	8
580	11
423	9
264	3
513	8
652	8
638	4
356	4
552	7
546	7
572	10
594	7
427	5
386	4
293	3
354	6
750	7
649	22
330	8
375	8
660	14
659	8
656	9
579	5
411	12
315	9
646	7
349	4
535	5
530	8
564	6
567	4
672	8
626	10
480	10
427	3
676	2
618	12
569	6
355	6
699	6
366	5
321	2
191	1
531	3
568	2
611	11
253	3
580	6
621	5
535	7
498	8
361	6
525	8
215	0
204	0
523	4
450	5
245	3
310	1
670	2
534	8
317	5
510	13
598	5
675	7
354	2
607	6
571	5
488	9
473	2
576	7
482	8
580	2
220	3
523	3
598	3
434	3
474	5
610	4
570	4
522	8
436	7
670	6
307	6
567	6
544	1
596	3
561	5
566	13
547	3
231	1
557	7
544	6
611	6
573	14
652	0
671	5
199	1
141	3
344	3
642	2
487	5
345	6
506	5
568	2
325	2
534	5
750	4
539	6
405	0
589	7
678	7
540	6
562	11
162	4
586	6
596	6
431	10
396	9
611	9
575	13
533	5
433	3
557	13
688	6
660	11
369	9
330	8
490	4
477	9
621	9
664	11
587	10
616	10
165	2
280	9
566	5
516	9
652	13
643	2
637	11
538	2
677	8
405	11
497	11
627	9
323	7
519	11
387	3
328	4
589	6
557	7
617	8
569	9
573	13
528	12
621	4
419	2
623	4
577	4
659	5
624	7
440	3
600	6
598	10
302	2
631	8
654	8
615	4
569	9
704	7
694	6
612	4
475	4
551	7
300	2
609	11
318	7
596	4
749	9
592	3
627	6
599	3
497	1
590	8
472	3
618	1
594	7
684	9
641	5
268	7
567	4
641	4
486	2
563	9
200	4
578	4
583	9
585	7
681	7
750	6
595	6
625	5
601	4
471	1
169	2
395	9
440	10
477	3
453	9
742	22
611	6
583	9
750	6
589	0
608	9
665	5
680	19
619	9
664	9
120	3
556	2
750	3
517	5
500	4
554	5
655	10
132	0
622	9
498	5
646	3
674	5
674	11
511	4
363	5
659	6
584	11
517	4
259	3
595	13
342	6
647	15
750	15
555	15
639	10
222	5
281	5
620	9
619	10
650	12
595	11
680	12
728	11
636	11
536	7
467	3
663	14
426	9
461	8
308	2
345	6
567	9
104	0
509	9
268	2
359	5
648	6
540	8
583	9
356	4
606	9
651	11
648	2
386	5
679	5
563	10
395	7
597	11
619	14
194	0
605	14
610	16
606	8
618	7
428	6
659	19
579	11
583	4
620	12
501	11
335	6
471	12
555	7
621	2
163	4
438	10
656	9
436	9
675	23
574	10
483	6
612	8
483	6
661	2
652	15
612	5
365	3
585	4
292	4
601	6
339	3
107	3
620	4
734	10
507	5
615	11
618	10
322	1
618	5
330	1
583	5
661	4
368	1
529	10
357	5
609	4
630	9
619	10
549	9
646	8
437	9
686	10
633	8
475	6
714	9
351	2
611	6
275	2
668	9
386	7
601	4
586	6
206	3
665	3
561	6
602	7
649	1
556	8
572	3
555	2
565	5
626	4
747	14
627	9
485	3
656	12
470	5
274	5
655	7
558	3
640	3
431	13
239	2
551	9
431	5
614	7
382	10
750	12
560	8
576	6
424	6
258	4
619	17
650	12
307	9
559	9
647	8
326	6
490	7
198	1
518	15
616	8
313	3
555	7
596	14
274	4
482	6
672	18
219	7
347	3
538	7
475	6
446	5
321	5
516	5
642	11
544	8
444	6
580	9
520	5
541	6
639	0
643	4
382	2
345	5
309	4
656	5
686	6
531	2
459	4
284	2
395	3
575	7
602	4
588	4
620	4
194	4
215	4
750	15
630	5
608	12
537	7
618	7
560	10
689	12
464	5
461	4
390	8
488	0
365	2
623	3
594	5
559	13
489	5
332	7
571	4
580	5
428	4
530	3
373	4
591	7
362	3
479	8
691	11
582	9
210	2
591	11
678	5
605	5
648	12
626	4
276	1
635	3
648	7
651	14
516	10
656	8
643	5
631	9
562	9
647	6
509	3
573	7
546	5
604	9
615	14
522	10
532	12
380	6
191	1
577	4
616	6
559	1
329	5
667	11
582	5
574	9
566	3
598	11
638	2
178	4
711	15
263	6
292	3
611	5
545	10
645	3
105	2
351	6
614	3
544	7
595	7
262	2
582	4
619	12
157	1
567	4
145	4
214	7
649	13
139	2
640	11
664	6
392	7
570	13
513	6
633	6
595	8
560	2
581	5
606	4
395	5
291	2
362	3
368	2
651	14
160	9
502	5
582	3
454	6
566	3
399	4
556	5
543	10
289	4
585	10
555	7
602	8
346	3
538	7
547	13
562	3
574	8
134	1
434	3
179	2
526	12
591	10
330	1
738	7
495	6
311	3
552	10
522	7
626	13
601	4
282	1
577	5
410	1
187	2
394	7
574	7
257	5
661	6
611	6
619	3
405	6
549	1
242	4
647	12
570	7
326	4
526	5
675	3
661	2
448	3
144	0
351	2
155	1
538	3
347	3
474	2
616	3
626	5
594	5
477	6
338	3
538	6
286	1
359	2
268	2
181	1
230	3
359	2
155	2
665	5
750	16
480	9
568	13
112	1
311	1
225	0
295	4
289	3
625	4
609	9
552	7
473	2
578	5
590	2
724	15
199	2
410	4
681	5
697	14
318	4
664	4
650	6
310	2
442	8
401	4
451	5
563	5
362	2
490	4
550	6
634	7
241	1
501	6
599	12
568	5
330	5
496	10
378	1
229	3
249	0
675	12
342	7
656	12
600	7
596	13
488	12
456	7
652	9
626	12
562	8
582	12
297	0
348	1
448	5
469	7
355	6
582	10
628	6
127	1
652	15
620	13
573	4
646	13
363	1
590	4
596	4
602	5
260	3
295	0
191	5
134	1
481	5
467	10
367	2
448	4
635	13
122	2
623	17
629	3
571	4
750	8
566	8
570	12
508	11
325	1
424	6
599	6
709	9
481	8
535	15
363	3
108	3
613	8
603	7
697	4
687	2
223	4
593	6
438	1
535	12
190	0
250	3
592	5
748	12
601	8
687	5
422	1
631	7
573	4
328	3
506	2
614	2
687	14
265	1
670	9
489	7
409	1
311	5
508	7
695	8
156	4
583	22
576	5
140	4
193	1
404	2
628	8
653	5
413	16
497	9
517	4
560	5
638	4
530	12
610	13
570	11
623	16
671	7
636	9
617	10
387	12
466	5
533	6
580	10
680	3
578	10
437	5
582	5
526	11
747	8
305	2
576	5
310	8
437	3
639	5
629	7
605	9
685	11
677	18
545	4
499	2
425	4
231	10
563	9
570	8
200	7
589	8
345	3
562	8
275	2
604	11
584	5
626	10
638	6
634	8
571	6
610	6
452	5
346	3
316	4
435	8
242	5
461	2
643	13
484	4
560	6
462	9
362	7
692	9
663	15
481	3
749	7
598	12
749	11
284	1
675	3
404	10
583	9
627	6
530	1
492	2
342	6
449	7
171	2
598	5
474	1
426	5
592	10
750	10
346	4
246	1
601	4
584	15
337	5
321	12
515	4
380	3
654	5
579	7
430	5
459	10
469	6
632	3
280	2
426	6
653	9
212	1
582	6
671	7
574	19
634	7
663	8
589	5
628	8
626	8
579	2
601	8
633	3
732	5
333	1
303	6
489	6
580	6
653	4
584	13
566	10
566	10
602	14
634	8
309	2
384	6
652	12
479	4
443	12
582	6
595	7
285	2
365	6
568	5
750	6
363	9
747	9
562	10
635	6
527	7
622	11
518	11
686	4
607	11
559	11
497	0
666	7
623	5
125	0
141	2
663	6
415	2
705	4
199	3
625	10
582	6
613	10
615	7
534	6
437	7
673	8
651	3
581	14
594	7
597	5
569	1
609	11
486	10
206	2
644	1
469	5
543	10
601	6
258	1
150	3
722	7
587	7
317	5
598	5
388	5
611	3
635	8
532	4
650	6
359	2
441	5
672	9
345	5
593	10
339	10
537	8
647	5
595	14
650	5
626	9
593	9
576	2
497	8
425	3
281	3
638	7
594	11
634	8
544	7
676	10
426	6
597	2
506	1
599	4
679	13
656	10
616	17
125	3
292	11
396	2
367	5
665	17
656	7
610	6
512	8
374	3
656	9
586	7
629	7
639	11
648	7
636	12
302	3
748	14
413	2
750	16
454	14
647	7
514	15
372	3
664	8
634	8
424	3
594	10
592	10
667	8
526	11
177	2
630	13
643	7
484	6
561	8
652	8
668	9
534	5
433	6
200	2
525	11
581	8
369	5
685	8
393	7
355	4
577	11
293	4
376	4
274	4
664	10
651	13
359	3
590	9
656	10
219	1
669	17
432	7
586	13
601	2
613	4
356	5
647	10
546	3
611	7
611	6
631	20
316	1
248	2
500	3
682	2
600	6
259	1
296	5
319	3
348	5
180	2
461	9
450	4
629	0
577	7
495	7
473	2
616	5
420	6
458	4
242	2
619	6
341	6
308	5
573	3
158	0
298	7
585	4
512	8
127	1
408	2
682	6
662	11
676	12
578	6
451	3
693	9
573	11
255	2
549	8
523	6
592	9
589	10
300	3
557	11
260	4
537	1
644	7
302	3
588	5
190	1
104	0
436	3
750	8
265	8
622	6
689	8
630	13
303	5
566	6
745	9
652	5
638	6
347	3
257	2
647	7
626	12
605	5
113	2
578	13
241	1
652	10
704	13
580	3
488	9
541	6
470	5
658	8
412	5
211	2
637	6
638	6
680	4
505	4
574	9
254	3
394	7
611	6
407	3
637	3
594	1
341	2
639	8
647	6
462	4
205	2
529	3
602	7
592	5
542	5
230	4
554	6
174	3
335	7
543	3
180	2
343	5
240	1
616	9
415	3
337	5
644	11
662	11
270	5
553	4
616	10
527	8
613	9
608	18
560	3
170	2
508	5
219	4
596	10
157	1
658	12
611	10
348	9
594	9
453	1
461	1
578	4
538	6
585	3
381	7
544	5
594	8
638	9
294	7
622	11
374	1
750	9
255	2
361	1
662	6
551	8
351	3
406	3
577	4
371	4
613	11
423	6
549	3
580	4
606	3
578	5
376	1
629	8
549	4
750	10
587	7
603	6
598	3
661	2
613	10
659	9
367	2
236	4
353	5
590	1
475	8
557	2
677	9
331	6
618	9
313	5
135	2
339	5
440	9
620	2
542	4
567	9
361	4
341	5
463	3
559	17
609	6
563	3
681	7
644	7
746	21
206	5
584	2
604	6
287	4
427	1
604	5
539	2
506	3
646	5
612	11
589	10
415	1
703	4
244	3
295	1
449	4
396	6
465	6
584	4
204	3
504	3
604	6
618	6
433	7
670	6
593	8
197	3
220	2
588	3
435	9
477	8
308	3
563	8
474	5
453	7
235	0
599	3
634	3
577	6
287	9
564	7
530	7
687	14
564	11
566	4
283	0
684	18
388	3
671	11
652	8
620	7
628	19
695	7
688	4
633	10
423	5
608	6
264	1
624	6
743	15
647	8
595	5
464	9
250	4
448	2
325	8
282	2
693	7
161	0
561	5
439	3
684	8
475	1
572	6
380	2
640	5
301	1
343	1
575	6
263	2
629	7
473	3
650	10
475	4
158	2
131	2
558	6
639	9
653	22
465	6
627	4
622	11
537	4
608	9
514	8
430	6
179	3
438	9
190	3
675	8
397	5
590	7
572	5
587	10
551	4
508	6
223	4
597	7
750	14
189	4
578	7
324	7
642	6
374	6
362	3
493	11
328	8
575	9
236	1
450	3
349	3
630	8
520	12
297	3
576	9
389	6
625	7
545	5
585	6
418	7
342	5
123	0
446	9
621	4
230	4
308	11
573	7
297	2
309	1
693	13
707	5
623	3
383	2
243	3
559	5
595	5
322	4
530	7
616	7
487	9
657	7
121	0
116	1
100	1
297	1
435	8
549	9
495	3
672	1
671	11
652	11
655	5
515	5
644	10
638	2
678	9
605	6
702	6
599	13
286	5
498	8
537	9
633	4
358	8
563	6
326	6
620	9
392	7
632	7
377	5
664	5
567	6
702	9
664	4
650	7
213	1
601	4
616	14
481	7
662	9
616	7
436	6
643	7
135	4
248	5
599	10
507	9
620	9
384	6
358	3
503	6
676	11
515	12
474	4
501	5
524	4
577	15
575	7
243	5
497	8
327	9
391	3
332	4
167	2
657	2
635	14
152	1
609	3
438	2
487	2
338	1
618	3
461	7
622	3
510	4
513	11
584	8
659	11
529	2
200	2
692	5
620	13
628	6
681	4
530	8
681	6
691	8
565	4
589	6
713	8
610	13
386	6
471	5
616	7
529	12
620	8
627	8
284	2
629	10
649	7
405	13
179	1
627	5
478	4
593	5
651	7
631	13
551	6
596	7
639	3
550	4
626	16
484	2
606	3
619	6
618	3
636	7
408	0
500	4
636	11
724	9
325	3
353	6
599	9
446	6
612	2
611	5
569	8
478	10
709	9
427	2
652	9
597	8
183	0
544	5
554	4
646	7
629	11
378	5
420	4
722	13
396	8
342	4
630	6
538	6
422	3
561	3
628	10
618	8
625	5
613	16
457	6
446	6
745	6
563	4
454	5
321	5
606	5
657	15
449	2
587	11
539	3
214	0
629	3
638	9
447	5
637	8
599	5
587	7
650	9
589	5
184	1
750	6
640	2
637	10
397	6
655	8
472	2
602	4
127	0
577	4
524	5
496	6
587	16
651	5
395	5
543	11
587	8
313	4
595	6
273	1
108	1
651	7
117	1
568	2
674	4
603	7
374	8
591	11
681	6
348	0
485	11
304	2
598	8
394	7
594	5
565	8
152	1
644	2
320	2
510	2
593	5
618	7
428	0
715	9
314	2
443	13
386	4
516	4
441	9
322	4
429	8
645	5
617	7
542	7
304	2
648	7
597	7
585	6
390	3
689	7
669	12
569	8
542	6
635	3
750	16
444	6
512	9
568	11
665	12
557	7
676	9
583	14
648	16
217	4
523	5
224	3
266	2
532	5
618	11
600	7
546	7
521	11
485	8
139	2
583	5
552	4
300	5
583	9
210	2
286	3
251	2
647	8
379	5
602	7
332	0
458	7
526	8
532	9
466	4
605	5
253	2
292	2
447	5
669	8
608	11
633	8
607	11
685	13
649	2
536	5
654	2
637	5
325	3
602	12
335	7
692	4
606	7
619	6
402	5
375	9
582	3
193	3
561	9
664	8
455	5
498	5
618	17
616	5
243	2
655	9
633	8
544	6
615	6
595	6
491	2
595	10
621	10
602	7
647	7
609	3
727	16
484	5
576	16
122	2
512	6
644	4
568	19
566	5
493	8
278	8
599	4
611	6
347	2
486	2
694	10
573	7
400	2
190	1
535	10
539	8
548	7
226	1
332	6
485	2
525	5
334	5
176	2
670	9
602	5
337	1
565	8
593	1
560	8
507	8
666	5
190	0
238	7
578	13
214	3
162	4
391	7
655	11
618	6
434	8
638	7
597	7
333	5
278	2
564	5
323	3
473	9
334	6
355	1
601	10
374	6
624	6
211	4
233	4
547	4
288	2
320	4
334	1
306	2
218	0
671	11
593	3
645	6
654	15
206	1
459	9
524	5
750	12
457	4
599	9
526	8
520	7
611	5
125	2
577	4
238	3
471	1
749	8
629	11
610	14
651	11
597	11
441	14
629	6
662	3
597	8
575	12
432	7
595	6
550	17
509	8
559	6
466	5
433	7
585	16
653	6
540	2
395	4
508	4
366	1
578	1
642	5
569	4
611	7
616	8
194	3
619	4
622	10
414	9
600	8
279	4
234	8
422	5
504	6
295	5
497	5
328	9
581	8
512	1
379	12
636	7
548	10
566	15
662	17
180	2
104	1
157	0
329	3
584	12
624	12
510	6
641	6
288	8
336	4
459	2
643	7
591	5
145	3
333	5
609	7
557	4
520	6
685	9
428	4
540	6
423	8
552	10
614	8
116	0
543	11
678	9
357	7
526	5
750	8
594	7
283	2
254	4
421	3
664	9
488	6
525	3
567	13
439	2
429	4
424	7
601	4
521	5
553	9
549	3
540	4
608	5
543	2
363	3
590	9
318	4
454	3
466	3
488	1
225	5
645	2
287	2
611	5
675	9
568	10
377	3
175	0
383	4
585	6
382	4
638	6
600	1
642	4
534	6
598	4
698	10
574	4
693	6
559	5
330	5
520	5
486	4
272	5
126	2
488	4
614	6
212	2
493	7
201	1
594	1
620	8
647	9
604	10
440	3
641	9
373	3
626	4
471	5
210	3
698	9
371	12
248	1
653	6
398	3
303	3
571	4
567	3
502	9
463	3
584	7
502	6
348	8
436	4
298	6
568	10
473	6
139	3
489	8
619	2
501	3
652	7
613	15
615	6
563	8
613	4
488	4
644	14
370	2
608	12
445	2
572	5
638	11
644	10
270	2
487	6
356	2
652	10
325	4
444	3
616	4
121	2
749	11
748	4
248	5
347	8
514	9
568	3
592	9
636	7
494	4
132	1
601	9
130	1
303	2
610	10
545	8
418	4
660	3
116	1
517	8
582	6
265	4
215	3
627	4
637	4
382	7
588	3
554	13
593	4
647	4
292	3
556	13
626	5
630	12
258	2
461	3
237	0
622	13
611	13
575	7
555	7
486	10
603	9
452	6
176	3
675	7
640	5
485	7
118	2
674	11
700	7
228	2
635	6
590	3
646	9
631	12
622	8
262	2
474	1
568	3
608	9
538	8
531	18
530	7
642	7
737	8
587	9
594	6
469	13
292	5
660	5
509	9
342	3
395	4
408	3
533	5
603	7
526	7
657	5
341	3
360	5
459	2
454	6
450	14
593	11
563	6
568	5
543	10
313	4
615	4
545	11
572	7
308	3
274	5
214	5
231	2
661	13
529	8
612	14
701	12
655	6
631	16
607	7
499	11
466	9
637	4
533	7
559	9
338	4
424	3
375	1
659	6
568	2
255	5
610	6
365	3
601	4
606	6
131	3
636	7
308	7
634	4
518	10
654	3
588	6
333	3
100	1
391	7
540	6
415	6
526	9
567	6
656	12
501	5
295	4
649	7
652	7
567	8
644	5
355	2
592	8
668	14
639	5
410	3
608	8
532	7
610	7
617	5
128	2
622	3
461	4
720	16
519	4
551	6
605	6
467	3
518	4
436	6
651	8
495	3
219	0
568	8
300	5
598	7
376	7
625	10
418	5
599	5
259	3
680	6
400	5
328	2
625	7
620	10
517	5
577	6
530	4
518	4
566	6
406	6
617	10
526	10
502	2
193	3
682	12
624	9
469	2
524	1
668	6
278	4
571	3
303	2
592	8
645	15
252	0
695	4
638	2
317	1
582	7
637	8
629	9
112	1
647	4
619	9
109	2
563	7
589	5
584	8
219	0
568	13
602	13
604	5
618	8
641	7
561	10
667	8
251	2
630	4
473	10
326	1
153	3
277	1
601	5
461	2
341	3
593	5
567	5
538	5
293	2
565	12
630	9
568	11
188	1
328	4
285	4
516	2
644	8
301	4
602	4
638	9
575	8
182	6
662	8
671	8
360	5
540	5
606	2
702	14
299	3
644	7
570	6
461	2
611	2
430	5
625	9
216	3
655	11
618	8
573	8
550	7
636	14
618	3
264	2
590	10
352	5
439	6
191	4
507	5
620	7
349	8
407	10
448	10
236	4
336	3
472	5
381	4
646	11
580	5
629	6
633	8
549	3
540	6
244	1
112	3
502	9
469	4
439	1
659	6
621	5
565	0
355	0
107	1
218	3
670	7
256	1
438	9
592	9
687	16
611	3
235	4
283	2
675	6
596	9
281	2
654	4
646	6
537	11
603	10
567	8
503	3
369	4
548	9
617	4
384	8
202	3
544	5
182	1
616	13
358	5
630	3
634	4
688	14
660	5
598	11
611	6
624	15
233	1
632	2
613	12
261	2
335	4
686	14
299	2
590	5
606	7
586	5
472	11
369	0
321	3
205	6
577	11
749	8
746	15
540	10
390	2
307	1
388	9
574	10
616	7
674	4
554	11
450	7
378	5
426	2
679	10
521	11
660	9
421	6
490	5
588	11
533	6
607	6
708	18
353	9
552	13
619	11
615	17
744	17
556	5
510	9
632	7
588	8
372	1
728	7
463	7
591	8
665	11
434	7
639	8
397	13
495	6
230	4
624	8
642	8
511	5
302	2
515	5
355	4
607	11
441	5
463	9
687	6
416	11
750	8
634	3
593	7
613	10
442	10
582	3
603	4
595	15
500	8
357	4
570	16
498	5
111	1
610	11
266	6
612	7
630	6
389	2
454	7
667	10
347	4
299	2
547	5
684	7
647	10
602	4
620	10
625	4
488	6
645	10
230	4
351	5
492	4
541	13
376	4
452	11
625	8
653	12
618	8
602	3
511	9
478	11
679	11
477	3
677	7
316	3
653	5
395	7
404	4
626	3
218	1
614	6
584	14
538	3
159	3
209	3
550	4
662	15
489	13
622	8
164	6
434	6
190	0
535	15
446	4
337	1
531	14
571	2
590	8
448	8
740	4
674	3
592	10
750	3
578	16
442	6
647	8
461	5
618	8
431	1
452	7
591	7
563	6
398	4
562	10
593	2
599	9
629	6
570	7
356	8
539	7
407	7
475	6
436	7
674	4
359	2
253	2
545	4
620	2
457	6
633	11
612	12
578	9
700	7
528	14
561	10
626	7
268	3
483	5
665	5
581	5
422	5
266	0
469	4
260	1
382	2
685	13
634	12
595	4
274	3
582	7
166	2
619	8
291	5
635	4
588	3
646	4
519	7
242	1
699	4
288	5
340	11
650	8
431	4
525	4
626	1
177	1
553	7
614	8
617	11
714	12
371	3
139	1
545	1
559	5
527	12
441	3
534	4
651	13
588	10
311	7
245	4
212	2
392	6
618	7
621	5
482	5
639	6
707	7
431	6
655	11
320	3
286	4
597	10
294	5
193	1
457	8
605	5
454	5
395	5
383	9
450	4
381	5
609	3
585	9
718	4
594	13
667	7
379	4
657	11
402	5
624	4
506	8
440	11
301	2
598	11
679	14
628	17
633	5
585	0
593	8
636	8
342	3
469	9
359	3
220	4
562	14
297	13
366	4
594	9
547	2
442	5
685	5
617	19
443	3
321	3
660	5
681	17
750	7
157	4
274	5
639	10
560	7
575	8
507	8
653	2
406	8
262	1
446	5
667	4
622	9
649	6
329	7
212	1
646	2
674	3
698	13
570	12
364	0
274	5
292	2
696	5
154	2
634	3
639	13
560	1
187	0
607	8
632	7
421	10
534	12
554	5
668	7
609	3
629	6
616	9
629	4
230	4
527	6
661	11
280	3
199	8
639	8
623	7
508	3
362	6
163	1
640	8
373	4
408	7
308	3
666	7
595	9
617	12
618	5
345	2
531	1
627	2
553	11
598	5
417	2
587	8
524	2
452	9
531	6
491	8
430	3
634	9
576	11
554	7
357	8
238	0
579	7
656	5
521	7
253	3
324	3
516	2
190	0
555	7
650	6
600	9
632	8
172	2
417	8
637	4
233	2
364	8
708	15
239	2
219	1
511	6
225	4
650	5
528	4
573	11
688	5
265	0
569	5
173	2
608	7
665	4
624	4
524	9
550	4
614	3
621	5
629	5
232	0
474	5
622	5
349	2
430	8
572	0
618	19
302	4
612	4
570	5
270	1
662	9
748	5
646	5
367	2
632	1
480	10
535	7
300	6
640	8
728	6
545	7
618	7
343	2
647	5
661	8
414	6
688	3
231	3
290	4
504	14
584	9
454	5
597	3
110	2
604	9
429	3
590	3
553	6
578	10
547	8
477	5
417	7
130	3
153	5
368	1
282	14
591	5
429	4
618	10
365	6
541	6
265	6
638	6
649	9
649	3
176	1
613	9
330	6
587	9
187	3
431	5
200	1
391	5
660	4
490	9
618	4
750	4
652	7
350	2
232	0
357	6
215	2
603	5
317	4
657	7
313	3
598	6
641	3
448	10
568	4
265	6
299	7
608	6
207	2
580	7
733	9
615	5
623	9
520	5
635	3
434	8
433	7
258	6
645	8
436	3
437	6
366	3
556	6
559	10
630	5
620	5
570	4
592	11
154	3
643	6
608	4
591	16
280	5
617	8
599	5
282	3
327	3
577	8
653	11
628	7
213	2
680	14
466	16
602	7
640	11
413	3
592	6
500	7
610	1
651	11
597	4
571	2
275	5
290	3
251	0
624	14
433	7
554	7
495	6
596	8
634	5
596	7
208	3
280	1
637	15
720	4
467	5
448	1
628	11
469	6
580	4
627	14
646	11
602	14
621	12
218	3
662	6
599	6
308	4
617	13
651	5
685	6
660	9
648	2
475	6
607	7
648	9
652	4
404	2
613	3
485	3
663	10
618	6
598	11
473	6
597	9
488	7
456	8
485	8
359	8
606	7
655	5
526	4
605	4
334	2
544	8
350	9
206	3
538	21
423	14
637	6
155	2
144	3
175	5
415	6
200	3
512	8
486	7
623	7
265	0
142	3
666	9
251	5
556	6
649	8
637	12
619	5
664	11
460	10
603	7
458	10
268	3
559	6
251	3
669	2
333	4
659	15
593	4
332	3
750	11
647	3
512	12
653	14
488	6
428	4
590	4
591	5
335	0
684	9
631	6
681	4
548	7
707	7
631	3
505	7
573	5
646	6
701	7
575	13
674	5
604	2
152	1
483	9
232	4
627	5
740	8
635	4
582	10
623	7
585	14
670	6
612	8
374	5
695	10
475	9
614	15
549	14
529	13
593	12
266	0
234	6
611	9
210	8
625	7
356	2
163	5
336	4
347	1
562	11
472	2
355	5
433	8
553	12
103	1
472	1
189	2
609	8
695	3
127	3
578	7
605	4
530	3
567	11
635	11
619	5
619	16
660	15
642	9
571	8
495	4
406	5
654	5
618	5
587	10
489	4
459	9
615	6
662	15
309	3
595	16
321	2
153	0
687	11
396	6
489	3
578	8
653	9
551	8
487	2
664	6
587	8
321	3
590	3
583	5
522	8
456	5
523	5
606	9
593	2
563	6
281	1
538	13
301	2
521	10
445	4
602	2
696	10
544	11
747	13
186	0
655	11
397	4
119	3
569	5
543	8
237	5
459	5
631	6
602	6
593	5
334	7
306	3
586	4
369	4
646	8
543	17
581	9
397	8
584	6
664	11
591	7
382	6
579	8
407	2
408	8
126	0
564	8
417	10
445	6
572	12
468	9
602	2
329	2
669	13
644	6
613	3
612	11
629	11
673	9
444	11
618	2
655	8
612	7
632	4
584	1
476	11
628	14
648	10
283	2
608	6
691	6
654	5
434	1
547	6
299	3
532	8
499	7
745	10
586	1
507	4
547	10
160	1
515	5
734	15
258	2
619	4
261	2
358	3
649	11
633	20
631	4
710	6
303	3
665	10
637	6
627	6
613	16
322	4
641	12
604	5
648	7
579	1
575	8
665	11
606	8
323	3
596	6
665	5
600	7
455	5
571	3
351	1
589	6
609	9
662	9
327	0
749	6
653	4
651	5
285	2
615	10
577	3
336	3
454	5
530	4
181	2
248	5
134	1
632	10
587	11
214	3
309	4
601	3
319	3
370	5
573	2
435	6
595	9
453	8
493	5
421	5
570	9
391	1
253	3
592	6
707	7
549	7
630	10
658	11
136	3
697	12
380	2
585	16
642	8
691	8
576	10
599	8
498	7
511	11
629	14
559	6
641	13
173	4
415	4
654	5
622	10
587	11
423	9
470	2
179	2
621	5
106	3
350	4
502	3
389	5
249	0
658	4
393	4
638	8
247	6
259	2
135	3
235	2
196	8
503	7
406	9
594	13
599	6
605	12
517	12
629	4
167	2
619	8
554	6
205	1
638	15
652	12
623	12
583	7
280	6
288	3
668	9
554	4
316	2
513	15
327	2
602	7
578	33
542	11
613	7
312	5
240	3
588	6
314	0
343	4
577	12
547	5
608	7
591	3
338	3
748	5
581	8
623	5
207	1
204	4
475	12
684	10
667	8
572	10
393	5
675	10
603	5
227	0
431	4
573	7
628	6
582	3
642	10
564	5
199	5
539	7
646	16
642	7
522	16
568	4
652	14
527	6
207	4
407	4
567	5
613	3
372	8
662	4
498	4
439	2
550	11
650	2
621	3
614	4
633	11
385	6
669	7
661	6
648	6
382	0
321	3
652	11
583	17
562	6
394	4
204	0
624	10
445	10
598	7
309	3
475	8
312	14
563	2
596	10
548	11
629	4
580	4
617	11
716	11
375	4
610	9
205	3
367	5
627	10
211	3
140	2
621	12
649	8
139	4
679	10
604	7
352	5
609	7
608	9
696	22
486	11
580	16
401	4
587	8
641	20
506	3
575	4
669	10
470	6
385	6
652	7
556	5
590	7
341	7
175	4
288	4
466	4
674	7
441	4
444	9
591	10
645	15
341	6
590	6
672	13
588	10
490	3
580	7
519	1
614	4
641	6
346	11
569	4
665	10
602	9
603	10
171	3
699	20
691	12
364	5
390	7
119	1
604	8
428	2
169	1
617	9
200	0
469	9
622	14
667	8
260	1
479	5
551	10
597	6
618	7
449	6
554	1
573	4
648	9
667	4
640	11
386	3
517	3
645	9
637	11
338	14
342	6
249	2
334	2
559	1
642	6
324	6
526	8
427	2
185	0
414	5
232	7
640	10
641	16
427	8
619	12
583	8
282	4
629	8
402	8
675	14
635	7
461	14
373	6
638	7
534	6
383	8
400	4
331	4
245	6
228	1
395	4
646	6
635	5
677	6
628	6
641	2
579	5
706	5
443	9
348	4
577	3
570	5
644	2
191	1
622	8
606	5
419	5
571	6
456	7
438	4
264	3
384	0
519	3
589	9
532	6
625	6
132	3
614	7
405	6
615	6
410	1
631	6
211	1
568	3
615	5
641	6
515	6
653	16
298	4
448	6
713	5
635	2
648	12
201	4
155	4
554	8
380	5
402	2
254	5
381	6
724	9
547	11
347	6
514	4
165	3
535	5
607	8
596	5
592	5
431	5
322	6
652	8
373	2
582	6
750	8
397	4
556	9
600	13
664	8
597	5
647	7
455	4
133	4
253	2
653	7
382	5
591	6
586	3
169	6
584	11
259	4
201	3
549	11
510	8
583	9
459	5
628	6
536	6
636	6
692	15
616	7
568	7
654	5
439	5
588	8
686	12
523	7
584	22
604	10
283	4
537	13
509	7
667	9
714	12
445	3
517	4
531	3
539	14
608	11
658	14
460	8
366	6
715	15
601	6
529	12
364	5
656	4
560	9
648	7
279	4
665	9
435	0
643	9
560	4
646	10
633	5
509	11
452	9
603	6
569	12
540	4
207	3
621	10
689	8
631	10
317	1
646	7
372	11
608	4
549	6
561	4
210	5
605	5
658	7
621	7
243	2
668	13
627	6
454	8
588	11
385	2
616	4
638	3
644	6
644	16
121	2
614	10
443	4
528	3
585	4
577	13
353	6
505	3
193	1
452	4
312	6
488	4
307	2
536	5
253	2
217	1
240	0
628	7
585	3
207	0
357	5
626	7
338	2
151	1
614	10
557	8
650	8
682	6
415	2
436	2
216	3
427	9
486	4
296	5
397	4
171	1
560	19
156	0
600	5
694	3
280	8
310	5
750	16
625	10
283	6
614	14
704	10
750	15
536	4
622	10
483	15
442	3
628	4
622	17
222	4
674	5
462	6
568	8
386	4
518	7
747	14
679	14
141	7
266	2
428	16
591	17
596	9
602	6
648	16
382	6
583	11
506	4
546	9
638	11
606	7
658	4
570	6
706	13
422	7
620	8
260	7
647	7
615	11
645	11
244	9
611	12
303	4
567	12
589	8
511	12
703	10
651	14
413	12
621	7
611	21
627	15
618	9
534	7
402	12
659	18
177	2
556	4
568	11
572	11
508	6
152	3
634	13
419	8
599	14
476	6
276	7
278	4
540	13
504	3
595	13
655	12
132	2
529	13
587	12
306	1
455	5
597	9
351	5
676	12
488	14
353	5
398	3
665	16
476	3
331	3
473	4
113	0
692	14
385	6
619	2
309	9
628	8
667	10
750	6
648	7
579	6
379	8
631	11
646	8
602	7
592	9
483	6
488	6
631	6
248	3
505	7
618	9
410	5
258	4
381	3
682	8
396	4
330	7
573	11
747	9
420	8
357	5
686	8
548	7
491	15
259	3
235	3
572	6
639	9
493	1
533	8
137	1
246	4
575	8
623	5
606	8
528	7
173	4
343	3
154	0
371	5
750	7
582	6
601	6
601	4
618	1
648	10
297	1
648	1
442	2
601	4
578	4
443	2
565	3
403	7
647	9
571	5
636	5
274	1
637	9
421	3
546	8
684	13
520	3
342	6
219	2
590	3
358	7
525	12
152	0
517	5
665	7
367	5
493	3
529	5
630	5
165	6
578	4
318	4
613	4
351	4
645	6
110	1
257	1
596	3
676	4
484	3
493	5
581	7
432	1
581	9
641	6
427	9
537	3
355	2
336	3
359	6
354	5
389	3
102	0
395	7
626	3
641	6
636	2
604	6
360	3
210	2
658	9
581	3
409	7
649	5
195	3
615	5
622	4
608	11
607	13
512	9
655	6
662	8
282	3
264	3
545	6
593	6
544	11
644	5
600	6
577	4
382	6
200	1
560	6
580	2
493	4
579	12
606	8
278	4
750	14
540	8
311	1
509	2
475	5
529	4
578	7
343	9
540	1
279	5
624	6
672	7
750	8
682	11
668	8
488	1
637	3
567	10
592	7
679	11
352	3
359	5
553	8
652	5
652	5
626	15
428	6
318	4
551	4
334	2
492	5
642	3
402	5
610	7
604	4
656	14
656	8
655	11
607	14
636	8
673	7
307	3
619	7
640	9
665	5
578	6
616	5
655	15
452	3
438	1
288	7
473	2
569	5
650	5
261	2
628	6
437	2
231	5
630	5
703	6
621	4
670	9
441	7
635	6
334	4
257	1
510	9
618	5
520	7
246	1
430	4
632	9
373	3
535	3
666	5
629	9
586	6
677	13
660	4
656	10
688	9
616	5
615	6
239	3
612	14
409	4
686	4
266	2
415	10
692	7
602	6
447	3
612	11
329	4
134	0
501	3
622	6
750	10
590	8
637	4
553	9
530	5
510	3
650	7
444	4
490	7
220	1
443	7
570	9
640	8
631	11
570	8
635	14
259	3
684	10
153	1
282	8
388	6
475	7
608	9
190	4
614	10
385	6
297	8
395	3
585	10
622	12
710	5
629	13
635	13
487	9
519	12
443	7
160	1
621	11
215	4
451	8
483	12
433	10
506	11
180	4
576	7
220	0
618	18
314	6
537	8
288	3
607	8
596	5
666	15
684	7
522	6
607	19
597	14
523	7
627	5
542	5
508	6
716	14
551	6
411	4
558	8
422	8
471	5
235	3
600	6
140	0
531	3
435	5
488	5
659	5
447	5
675	9
310	7
662	8
626	4
572	4
750	9
168	1
352	15
565	5
402	3
635	12
102	4
657	4
284	4
589	1
688	3
641	7
440	5
588	10
560	4
448	8
260	3
638	4
222	3
246	1
572	6
616	6
559	5
655	11
689	14
629	7
552	9
193	0
435	5
319	6
687	9
653	3
550	4
646	16
211	2
662	9
382	9
508	7
210	7
600	13
490	9
486	5
458	3
503	2
133	0
617	6
650	16
601	10
644	4
597	9
334	4
598	13
502	4
657	10
225	2
628	9
563	12
631	12
597	1
438	7
610	4
569	8
268	0
573	4
204	1
675	4
124	2
612	4
593	9
440	4
643	7
612	7
637	6
581	6
453	6
141	4
184	3
251	2
709	4
338	7
678	6
596	16
728	7
593	11
259	4
455	5
170	1
498	3
331	3
642	10
338	2
435	8
211	1
593	6
440	5
616	6
561	7
578	7
510	5
701	6
524	5
606	4
288	2
482	12
631	4
614	8
300	6
267	5
203	1
550	4
513	5
608	6
403	7
709	13
401	7
623	9
482	10
487	8
501	8
650	11
580	13
749	21
480	5
621	9
658	12
384	5
626	19
601	4
460	12
513	10
383	2
623	8
750	10
589	3
638	10
582	7
575	4
300	4
607	9
613	6
603	3
584	4
417	2
668	5
506	7
143	1
194	0
489	7
615	6
195	2
560	4
401	5
189	4
614	6
638	3
750	8
362	3
183	2
345	1
496	7
557	7
620	6
164	4
172	6
637	8
704	5
686	3
529	6
612	7
202	3
493	3
624	10
275	2
574	7
604	5
673	11
642	6
563	5
566	4
613	11
590	8
643	11
612	6
472	7
536	5
501	7
586	11
590	5
568	4
377	3
613	5
533	4
617	14
584	8
512	3
583	8
731	7
750	6
695	4
233	0
595	2
632	8
582	6
602	12
347	13
617	6
569	14
601	7
504	3
637	9
334	2
656	4
603	2
540	1
623	12
588	7
659	7
696	8
569	9
624	9
644	10
627	10
628	12
380	3
580	3
561	5
312	1
164	2
678	8
573	7
584	8
610	9
327	4
674	4
492	4
547	9
683	9
407	6
448	4
626	3
571	10
264	4
620	3
396	5
623	2
456	9
695	8
358	8
692	4
307	6
577	7
152	3
652	10
600	8
318	1
523	3
261	3
424	4
414	11
330	1
214	2
558	9
457	6
660	11
665	11
634	7
171	5
140	1
420	6
176	1
566	5
550	2
462	7
693	4
216	0
507	7
609	7
562	9
267	2
516	1
509	2
662	11
651	6
536	9
618	5
518	16
632	7
670	3
712	7
629	9
621	5
301	6
581	5
748	18
436	11
535	7
738	7
637	4
626	10
610	6
550	5
586	2
597	7
750	12
511	6
573	5
413	4
582	9
609	9
583	12
318	6
537	6
662	18
299	3
569	9
589	7
581	9
556	8
681	11
538	1
732	9
600	6
592	10
543	5
207	1
630	3
203	4
535	8
630	7
241	7
594	7
178	3
594	6
644	4
598	3
617	8
665	10
631	17
601	6
602	15
668	10
460	7
651	5
217	0
358	4
427	7
589	8
589	9
462	7
586	7
355	10
658	15
536	8
639	8
572	14
392	3
617	9
614	25
460	7
602	12
564	10
357	3
595	16
620	3
357	3
615	9
176	3
617	7
660	10
640	8
536	6
526	5
750	17
593	2
164	1
579	10
593	14
623	18
551	1
372	5
483	10
517	2
501	6
699	18
249	1
608	4
284	2
299	6
623	14
355	8
635	15
555	8
738	7
265	3
516	6
670	3
302	2
676	12
648	8
222	2
517	10
438	4
110	0
684	8
600	5
224	2
286	6
199	7
656	9
642	6
635	6
637	8
661	6
727	13
569	12
734	5
402	3
589	8
596	7
476	3
636	13
624	10
174	3
249	4
650	16
590	7
121	1
252	5
651	11
574	11
629	8
249	2
458	2
144	0
606	9
672	13
664	23
196	3
233	5
381	7
543	9
235	0
192	8
445	13
463	12
529	10
609	3
602	8
488	9
224	3
651	18
510	8
582	8
579	8
378	8
216	1
196	3
444	7
308	2
613	12
750	8
611	11
436	3
177	4
318	8
271	4
563	5
425	8
230	3
617	18
531	8
130	1
314	6
574	4
479	6
511	6
280	7
512	5
326	9
687	9
319	7
451	3
271	2
538	7
527	3
340	10
642	6
127	2
506	6
273	10
634	13
606	6
185	5
622	9
126	4
547	8
486	2
500	10
641	9
600	3
180	2
291	7
541	11
685	2
635	6
582	7
657	2
590	12
297	1
680	7
228	3
750	6
427	7
572	6
367	0
452	6
548	8
656	8
492	7
561	2
597	5
130	1
494	6
430	5
640	6
630	6
583	13
661	6
211	3
736	12
652	10
548	11
208	3
450	4
317	4
187	2
632	11
631	3
599	9
668	8
215	1
652	11
523	7
271	4
599	6
601	5
469	8
571	4
334	4
321	10
341	3
422	3
624	5
303	2
523	8
438	3
345	2
391	3
127	4
561	7
404	1
424	3
438	9
623	9
189	2
517	5
185	2
353	11
521	7
562	3
190	2
427	5
153	3
657	12
200	2
609	11
306	9
234	6
336	3
198	3
442	7
405	6
471	12
617	7
473	2
278	5
257	3
562	15
601	16
361	5
292	5
158	1
110	0
611	7
596	11
498	6
653	14
657	13
584	15
557	14
452	5
255	1
164	3
306	8
327	5
455	0
624	12
233	0
442	3
399	5
304	4
489	7
354	7
548	11
584	10
248	2
189	1
274	2
106	0
228	1
546	5
669	11
596	10
465	4
556	14
383	7
582	8
611	8
665	7
688	10
189	8
468	4
608	6
651	6
321	4
324	7
592	11
641	7
628	7
632	12
533	11
564	13
618	9
132	0
575	7
265	3
632	10
558	9
597	13
610	6
644	3
520	5
470	1
461	10
647	7
605	14
597	8
615	3
353	2
418	5
381	8
648	12
474	3
555	10
630	3
128	2
615	10
302	1
251	1
675	8
650	12
581	6
652	10
636	7
651	13
627	9
485	3
647	13
631	10
322	7
250	2
749	5
634	8
256	2
220	4
642	13
596	15
698	10
437	6
320	3
653	10
586	4
579	4
526	3
639	20
587	9
590	6
555	10
589	4
623	6
655	8
656	8
209	4
557	5
421	4
636	4
284	5
652	5
415	2
648	1
699	6
703	10
665	11
605	9
586	6
656	7
353	1
587	6
615	8
582	6
579	1
558	5
263	11
748	12
677	12
373	5
536	16
588	11
670	6
477	14
673	13
129	0
609	3
637	5
506	7
637	6
654	6
209	1
389	2
748	9
425	1
750	12
253	4
133	0
566	3
590	6
239	1
660	2
534	3
610	13
464	8
428	8
402	0
445	8
496	4
590	3
639	11
599	5
660	3
193	0
531	5
609	11
159	3
546	4
670	8
663	4
664	7
515	4
468	6
463	4
669	9
617	7
597	10
701	10
416	1
613	6
600	10
750	8
404	1
658	12
464	3
621	6
677	14
614	8
655	4
630	2
103	0
151	4
582	5
543	3
348	1
586	4
610	6
599	7
508	10
286	1
649	3
594	14
578	7
362	2
218	5
521	12
587	2
367	6
575	5
594	11
624	15
566	8
596	10
615	12
529	13
647	10
429	6
606	15
420	3
340	5
595	5
343	6
576	5
417	5
648	8
616	6
611	9
557	2
555	13
637	6
604	7
556	2
569	5
576	7
621	9
614	1
610	6
686	16
246	4
545	6
595	2
305	3
437	7
605	7
591	6
607	2
629	4
389	5
315	7
650	8
631	7
592	5
630	13
548	9
289	8
378	3
576	5
463	10
170	1
623	7
402	5
636	12
533	2
601	7
580	7
420	2
586	3
393	6
298	4
644	10
557	5
499	7
665	18
431	5
335	10
471	9
571	5
601	7
410	12
502	3
656	12
326	5
484	9
532	5
611	9
563	2
635	10
369	5
498	12
244	3
608	11
597	9
381	6
750	9
459	3
573	12
594	7
693	16
572	12
295	2
554	9
709	18
617	8
245	1
162	2
705	13
706	9
589	8
630	11
276	2
549	4
592	12
652	6
615	6
673	4
652	7
672	6
557	4
601	8
626	8
600	5
268	1
655	8
639	11
404	3
590	4
272	4
537	8
310	6
584	7
588	10
397	6
462	6
595	10
129	0
480	2
490	8
497	12
397	9
323	3
508	7
586	8
118	6
690	6
692	9
359	7
567	6
166	0
598	9
213	2
335	4
292	2
598	11
303	8
663	18
238	3
330	7
559	10
408	6
552	12
206	4
456	10
592	11
288	4
200	2
538	7
602	5
597	8
498	10
400	5
536	6
480	10
400	4
518	7
390	7
614	16
601	7
179	1
621	8
651	7
294	3
602	14
543	9
673	5
575	2
507	3
745	14
194	7
306	4
576	10
607	10
569	5
632	11
583	7
650	6
723	7
454	13
112	2
315	4
623	2
692	1
636	9
612	3
476	5
253	2
536	8
636	9
152	5
433	8
219	6
135	0
616	8
714	14
526	6
516	6
459	8
673	7
349	4
575	4
658	9
542	5
406	6
579	9
641	3
320	1
576	7
405	4
677	7
501	8
340	2
644	2
416	3
636	6
627	5
288	2
542	7
607	12
593	7
220	1
454	10
427	6
570	17
596	7
411	3
597	14
289	3
379	7
612	8
579	6
373	3
638	11
631	10
371	7
458	4
616	8
107	3
535	5
649	11
500	7
632	7
666	9
119	3
445	6
522	5
469	13
600	8
116	3
404	6
235	2
291	5
489	11
658	13
632	8
615	2
415	5
635	6
483	3
452	5
379	5
627	12
507	9
619	3
547	5
248	4
519	13
240	3
501	5
176	3
531	9
227	3
397	2
643	9
260	0
748	6
296	3
572	6
597	6
570	7
400	9
624	9
628	12
408	6
212	2
426	7
627	9
128	1
612	2
454	5
461	6
642	9
136	2
599	6
307	2
455	1
582	1
698	7
298	1
272	4
171	0
612	8
432	4
431	7
353	1
647	5
583	13
546	5
651	12
596	9
599	7
496	5
527	7
327	2
216	5
611	6
663	12
214	1
548	6
392	11
235	2
183	3
728	11
242	2
618	3
268	3
750	9
626	5
637	6
611	9
624	13
591	5
725	9
486	6
642	9
134	3
617	8
602	12
387	6
531	4
358	8
521	3
342	10
130	1
593	6
257	3
153	1
541	7
643	10
606	10
130	3
683	6
502	2
160	2
631	7
381	5
451	10
583	17
313	2
441	5
715	14
259	2
508	12
579	15
551	15
539	12
643	13
430	2
476	15
750	5
105	5
649	9
354	8
673	15
608	12
567	13
339	2
